	0	1	2	3	4	5	6	7	8	9	10	11	12	13	14	15	16	17	18	19	20	21	22	23	24	25	26	27	28	29	30	31	32	33	34	35	36	37	38	39	40	41	42	43	44	45	46	47	48	49	50	51	52	53	54	55	56	57	58	59	60	61	62	63	64	65	66	67	68	69	70	71	72	73	74	75	76
trimmed_19101-0001_SmallRNA.fastq.fastq	0	0	0	0	0	0	0	0	0	0	0	0	0	0	0	0	0	0	467636	401743	317081	730517	1578006	1006883	334946	140501	111772	110911	194207	129533	92521	117015	121142	111910	152753	60289	74583	67571	31458	32523	20028	19624	27376	48245	76479	147027	14634	9460	7870	8728	11041	13168	14141	6555	6474	5377	6025	5770	8756	9212	16129	95040	93281	55156	17891	51629	42771	152933	113802	127787	10510	35383	32423	25683	6843	32202	242318
trimmed_19101-0002_SmallRNA.fastq.fastq	0	0	0	0	0	0	0	0	0	0	0	0	0	0	0	0	0	0	594331	499166	425743	1188502	2821902	1660368	546977	210629	183475	150843	272441	185613	153766	202271	231805	207192	382078	105776	144573	118901	39810	46017	26586	28233	46349	73676	128973	304328	20856	12636	10767	12470	17246	19488	23289	8933	8856	7994	8928	8740	14583	15780	25567	152912	160846	82548	28926	88977	68347	241898	191044	207542	16565	61947	55613	44799	10751	53472	437118
trimmed_19101-0003_SmallRNA.fastq.fastq	0	0	0	0	0	0	0	0	0	0	0	0	0	0	0	0	0	0	442093	374514	297065	773818	1887616	1141251	384975	134527	109999	105845	206855	134628	93696	120921	133456	129487	240597	63385	85702	68764	23599	27522	16132	16502	26345	45867	83015	218382	14016	7595	6933	7681	9511	11513	13215	4735	4609	4120	4541	4172	7528	8195	14136	89839	89703	50499	15695	47777	34091	131761	107357	117893	9061	37233	31401	22721	5704	29559	313335
trimmed_19101-0004_SmallRNA.fastq.fastq	0	0	0	0	0	0	0	0	0	0	0	0	0	0	0	0	0	0	594027	485959	433886	1118042	3049899	1585230	643367	181617	102963	89051	108971	122910	198029	706099	374882	234170	149714	68129	112537	80090	26277	31975	20380	19555	22515	24142	52374	191924	13200	8069	6207	7134	9424	10951	11601	4381	5125	4126	4401	4539	7417	8222	16920	109048	101505	60872	20415	58504	38327	160517	104461	128058	8828	35778	33871	28642	6763	29378	145356
trimmed_19101-0005_SmallRNA.fastq.fastq	0	0	0	0	0	0	0	0	0	0	0	0	0	0	0	0	0	0	614801	485596	447823	1154725	3684205	1618131	679989	182791	110426	93510	116405	139222	217413	796725	390438	248977	182828	75290	141081	82354	29891	34827	23351	21844	26019	24360	47964	204999	14338	8974	6554	7453	9677	10534	11507	4781	5204	3957	4638	5081	7392	7924	18164	114632	104478	55239	18755	49814	37075	180291	133861	159835	9772	39643	36173	29457	6778	32727	187983
trimmed_19101-0006_SmallRNA.fastq.fastq	0	0	0	0	0	0	0	0	0	0	0	0	0	0	0	0	0	0	772044	686648	497602	1268220	3525227	1701911	728796	195348	116806	104165	128724	148832	196711	672079	376859	237805	161853	80944	118191	93173	32141	36587	24103	23138	26211	28463	59810	249649	15474	9509	7076	8290	10034	11359	12696	5229	6060	4235	4743	5455	10019	9582	24290	169007	148623	70395	25547	72040	49742	247401	199273	216693	12843	54058	49150	35200	8782	39628	276535
trimmed_19101-0007_SmallRNA.fastq.fastq	0	0	0	0	0	0	0	0	0	0	0	0	0	0	0	0	0	0	1219904	1139564	813701	932482	2931655	1471456	981490	397079	228913	175759	160477	201497	214939	558899	637598	279736	150498	128510	142434	274201	56508	61805	32893	37815	28288	32251	53954	164151	16313	11209	8970	9098	10795	11484	10152	6230	8755	4910	4756	4960	8214	9820	18974	112340	93936	62929	18439	50486	38246	162778	131049	135032	9056	42833	35118	27704	8872	29683	169625
trimmed_19101-0008_SmallRNA.fastq.fastq	0	0	0	0	0	0	0	0	0	0	0	0	0	0	0	0	0	0	1296052	1191094	956864	1086858	3335551	1706269	994648	435242	245987	193564	180700	218991	242572	630205	732743	300340	159602	129255	141210	277598	59030	66337	34810	37795	30388	37555	70784	193745	19009	12166	9455	9684	11576	12092	10114	5968	8150	4785	4688	4896	8639	10842	17571	109781	99174	63923	19569	53927	39148	161016	122134	127572	9795	42397	36807	28994	9103	34001	146575
trimmed_19101-0009_SmallRNA.fastq.fastq	0	0	0	0	0	0	0	0	0	0	0	0	0	0	0	0	0	0	1011486	941039	880272	893097	2613808	1358021	817451	371761	205866	172008	149398	178447	201563	508688	633264	262725	135350	111166	121871	252737	51432	59272	29095	34596	25489	34065	61609	138453	14702	10065	7796	8194	9702	11615	9273	5377	7588	4491	4021	3802	6257	9045	13756	81755	71440	50815	14818	39908	31227	130005	98260	100436	7433	32626	29715	22986	7007	26435	175531
trimmed_19101-0010_SmallRNA.fastq.fastq	0	0	0	0	0	0	0	0	0	0	0	0	0	0	0	0	0	0	572196	506182	666224	988716	2863325	1410244	1200476	283210	206503	181301	194360	196046	274564	769050	1099620	423512	235270	213555	246264	423059	65273	73456	34276	43280	24717	30426	60751	131239	19194	13153	9216	9615	12237	10839	9925	7154	7954	5661	5855	6463	11276	14380	23923	127510	105401	88845	26351	59484	43738	146983	162481	133939	12249	49903	58971	47876	15393	40066	319714
trimmed_19101-0011_SmallRNA.fastq.fastq	0	0	0	0	0	0	0	0	0	0	0	0	0	0	0	0	0	0	490080	420825	528269	851127	2543590	1254075	1082491	246258	178036	146117	153895	162453	217312	617267	836043	340033	198884	169490	186114	314410	50743	56095	26894	32173	18667	21865	44261	102753	14236	9581	6617	6415	8054	7053	6745	4392	5183	3531	3601	3859	6626	8316	15524	84841	67530	57293	15417	34670	25305	97340	94547	72530	7125	31610	29229	24878	8531	23241	198320
trimmed_19101-0012_SmallRNA.fastq.fastq	0	0	0	0	0	0	0	0	0	0	0	0	0	0	0	0	0	0	623993	521511	617203	1041970	3184920	1535591	1477705	303934	228042	180429	198463	195000	240550	685791	924430	410736	234420	202185	218801	357479	63121	67135	33348	37758	23677	26406	49190	120694	17681	11624	8273	8129	9638	8306	7434	4924	5775	3935	3830	4064	6764	8888	15711	87553	72823	55339	16300	36359	25801	95746	97054	84299	7741	34760	33363	27743	8242	25644	196174
trimmed_19101-0013_SmallRNA.fastq.fastq	0	0	0	0	0	0	0	0	0	0	0	0	0	0	0	0	0	0	570331	506978	579139	951591	2218499	997261	987741	261399	212977	197303	200679	203626	230444	720207	834379	385856	240809	234881	177209	216269	87866	74352	48110	46892	36180	33976	45665	139479	29824	17319	12508	11463	11605	10235	8664	6551	7036	5166	5231	5927	8609	9956	25738	110684	94259	67559	25060	46546	32554	116448	137854	92008	11594	42981	43587	42803	16381	33298	131659
trimmed_19101-0014_SmallRNA.fastq.fastq	0	0	0	0	0	0	0	0	0	0	0	0	0	0	0	0	0	0	694905	595275	690109	1168362	2859854	1361086	1264745	301608	244585	231498	236779	239488	262696	836566	949790	442542	284795	273352	204725	246050	98498	83461	55396	53669	41291	40158	53642	164359	34648	20439	14457	13088	13666	11785	9981	7516	7849	5897	5714	6817	9444	11600	30861	128788	112634	75382	28826	53626	39712	146096	178521	121399	13773	54983	49352	48718	18022	40446	215766
trimmed_19101-0015_SmallRNA.fastq.fastq	0	0	0	0	0	0	0	0	0	0	0	0	0	0	0	0	0	0	310065	266979	368650	646978	1660009	766587	689833	133239	103955	101151	106428	119982	144591	548971	691925	282265	173282	165046	121267	162650	44350	40337	25867	28012	18846	19602	31113	107060	19201	10353	7172	7183	7654	6488	5316	3887	4448	3090	3180	3782	6058	7577	21352	92985	84808	57499	20779	40063	30144	116232	132929	97512	9917	42538	38556	37835	13375	27925	155238
trimmed_19101-0016_SmallRNA.fastq.fastq	0	0	0	0	0	0	0	0	0	0	0	0	0	0	0	0	0	0	475491	414384	559773	1325516	2900284	1207007	1154157	218087	165870	148646	146993	159634	180387	561381	910894	381056	236500	198081	108024	119289	55601	49737	32364	32526	25736	30260	62904	199021	27644	11792	7980	8000	8720	7904	6617	4783	5027	3921	3974	4802	7381	10540	25621	109631	105655	72818	23543	49327	37173	131860	149046	105640	13242	53676	44085	46696	21587	38667	237484
trimmed_19101-0017_SmallRNA.fastq.fastq	0	0	0	0	0	0	0	0	0	0	0	0	0	0	0	0	0	0	461750	386429	490773	1251666	2855075	1144114	1166852	196097	150771	145042	132385	147532	163932	522384	816994	348541	213586	194996	104440	109677	45108	42083	27744	27581	21227	23501	45458	142784	20839	9858	6747	6937	7752	6909	6741	4763	5143	4047	4054	5332	8711	12786	31843	111756	101423	78251	29069	55702	41284	148016	169544	116127	17035	58296	52076	57199	27034	44301	232856
trimmed_19101-0018_SmallRNA.fastq.fastq	0	0	0	0	0	0	0	0	0	0	0	0	0	0	0	0	0	0	492677	432718	578020	1263432	2711337	1150010	1038432	215177	168344	165415	152994	171646	201895	590493	910917	413010	244845	217062	118600	130864	59458	52603	34392	34421	27124	32942	67300	179713	27480	12828	8773	8869	10169	8947	7679	5308	5846	4649	4742	5748	9769	12758	29179	118407	110873	83034	29494	59583	43131	150917	158928	116096	17383	65363	59802	59118	24520	45332	301533
trimmed_19101-0019_SmallRNA.fastq.fastq	0	0	0	0	0	0	0	0	0	0	0	0	0	0	0	0	0	0	736543	689566	463780	830119	1918874	1017917	443593	185342	151112	158498	247858	168714	110668	129918	129245	164155	220116	81064	98442	95405	43529	41950	25941	23676	31937	44932	68104	204856	23158	11942	9163	9590	10680	11705	12471	6339	6205	5305	5762	5801	9684	8930	16601	100483	100926	53915	17860	45032	36031	136571	111016	122802	10148	37283	32267	22826	6026	31706	262595
trimmed_19101-0020_SmallRNA.fastq.fastq	0	0	0	0	0	0	0	0	0	0	0	0	0	0	0	0	0	0	882943	797948	590927	1094544	1986428	1442624	495647	195430	155814	160173	292181	176115	116525	137325	136093	160279	175450	80848	95340	88077	46822	45351	28518	28628	36582	69550	99559	203324	25340	12804	9929	9913	11472	12461	13224	6422	6147	5012	5597	5262	6918	7811	15166	86942	87766	52887	15531	46378	35210	133237	96294	112735	10126	36888	29074	21402	6065	31469	186653
trimmed_19101-0021_SmallRNA.fastq.fastq	0	0	0	0	0	0	0	0	0	0	0	0	0	0	0	0	0	0	583278	558736	358091	633026	1623863	765966	336001	148280	119252	134481	272657	157712	92392	99371	97534	122722	148968	62422	78499	73107	34575	31973	20443	18388	23237	31180	47644	156855	17788	9234	6910	7477	8912	10133	9587	5113	4703	4283	4676	4818	7823	7178	14250	91321	77616	39731	14277	37376	27930	113161	89154	100904	7990	30485	25794	18342	4398	22634	170212
trimmed_19101-0022_SmallRNA.fastq.fastq	0	0	0	0	0	0	0	0	0	0	0	0	0	0	0	0	0	0	630738	552250	415073	957650	2827941	1208784	523883	146019	99005	83082	98936	125516	182273	610696	289896	218976	177456	59463	95608	91460	33384	28877	22775	27204	23279	20469	37146	195986	14923	6947	5304	6939	10676	9577	10592	5006	5476	4054	4383	4750	7701	7370	20553	136825	105263	55170	18857	53529	36954	189294	153399	170459	9460	41694	37752	26948	6692	29045	172309
trimmed_19101-0023_SmallRNA.fastq.fastq	0	0	0	0	0	0	0	0	0	0	0	0	0	0	0	0	0	0	805633	693890	575007	1370653	3797786	1715408	718184	191868	135256	110198	132568	162293	280333	982632	416098	301403	226560	73357	118824	102482	35908	37192	28296	32866	30106	26412	51198	248874	17772	8629	6556	8393	12338	11406	12246	5632	5988	4596	5442	5732	9442	9553	23305	143489	126897	70415	22373	61711	44024	214427	177036	198127	10788	43094	39973	31543	7842	33973	201535
trimmed_19101-0024_SmallRNA.fastq.fastq	0	0	0	0	0	0	0	0	0	0	0	0	0	0	0	0	0	0	611731	537325	471942	1112569	2798989	1333036	585949	159269	119106	90405	108048	137417	265135	865835	369399	265626	218420	65520	101392	94276	29212	32304	24388	30102	26825	24293	52349	259652	17520	7110	5916	7266	10368	9430	11151	4745	4943	3810	4232	4767	9002	8517	19154	118554	98625	59544	18054	53001	33729	160611	150424	159567	9001	42109	36607	26179	6980	28215	191803
trimmed_19101-0025_SmallRNA.fastq.fastq	0	0	0	0	0	0	0	0	0	0	0	0	0	0	0	0	0	0	1008146	965802	994685	888270	1803504	1246493	643794	235218	160003	179098	141053	150458	143928	259934	367201	187068	115277	83613	83366	121972	51210	48100	30767	41181	27301	39727	68146	100897	15532	9896	7897	8814	10019	10744	9773	5966	10053	4563	4276	3986	6445	8058	15614	84075	79653	74533	20964	57944	41585	138067	88153	92807	8735	34912	33112	26734	10717	36168	365437
trimmed_19101-0026_SmallRNA.fastq.fastq	0	0	0	0	0	0	0	0	0	0	0	0	0	0	0	0	0	0	552168	521919	566443	498718	1030668	725556	353979	137271	93972	104316	78759	86660	81624	154039	198908	99970	63622	49687	50282	77446	34336	29609	22732	29236	15595	22875	37565	58789	9561	6046	4823	5232	6363	6993	5805	3377	5456	2644	2640	2456	3773	4957	11026	56290	51522	42274	11593	32465	25453	85479	65834	66422	5707	26614	21166	16059	5891	22409	258409
trimmed_19101-0027_SmallRNA.fastq.fastq	0	0	0	0	0	0	0	0	0	0	0	0	0	0	0	0	0	0	549394	544297	614625	526046	1125609	727187	386888	134107	89300	97985	80393	93403	81663	149619	229417	111355	76653	49935	54525	93943	31099	31368	23347	30672	17851	21723	42404	66676	10174	6213	5418	6733	7820	8669	7027	4366	7116	3407	3509	3348	5487	6700	16474	82010	70387	74768	18591	52480	33642	122352	102733	90151	7590	35507	30663	22980	9231	27657	221344
trimmed_19101-0028_SmallRNA.fastq.fastq	0	0	0	0	0	0	0	0	0	0	0	0	0	0	0	0	0	0	431823	427217	535449	722662	1677754	1097104	685074	176864	129036	123495	111026	113949	144871	298041	363879	152008	120200	85012	88105	134519	33939	36385	20371	48440	13686	17514	26913	37271	6983	4124	3198	3265	4010	3929	3608	2484	2959	2458	2391	2664	4045	5679	13594	64665	57811	59476	15341	30680	29769	87736	85769	62396	7748	33916	31418	21860	8727	26904	204384
trimmed_19101-0029_SmallRNA.fastq.fastq	0	0	0	0	0	0	0	0	0	0	0	0	0	0	0	0	0	0	1066809	960880	978701	1273598	2958820	1852114	1194645	339841	260042	243179	273421	234365	282151	601597	663870	287124	199571	160071	152252	224558	59251	67716	33092	55293	23318	34232	50910	88862	17392	8866	6804	7258	8608	8330	8667	5932	7178	6369	6417	6138	9221	13412	26130	119522	109361	97810	29937	60028	51934	162740	125088	99297	13526	55196	53345	40945	15818	50513	305591
trimmed_19101-0030_SmallRNA.fastq.fastq	0	0	0	0	0	0	0	0	0	0	0	0	0	0	0	0	0	0	792858	772658	908678	1183402	2851956	1806265	1129298	308834	238431	245535	235436	221644	299457	708154	819549	336030	229475	185121	192401	316062	66876	72674	32231	66550	22716	34590	55639	79315	14370	7959	6061	5885	7471	7190	6887	4726	5570	4657	4706	4678	7424	11278	22671	106899	97733	90861	26213	51172	48128	140452	120272	96136	12086	50101	48191	36297	12779	44745	247513
trimmed_19101-0031_SmallRNA.fastq.fastq	0	0	0	0	0	0	0	0	0	0	0	0	0	0	0	0	0	0	365651	368823	776531	904619	1934931	1233401	698217	158458	122602	137441	129786	146222	233024	763461	1035953	395199	175565	142495	79832	91290	36547	35175	19830	25723	15344	21074	31623	45764	9744	5269	4096	4438	5436	4977	4792	3529	4103	3246	3819	4587	9275	11247	27510	121186	125200	115914	39616	69531	51261	136684	131164	91215	20983	60827	68096	52565	21396	50146	219020
trimmed_19101-0032_SmallRNA.fastq.fastq	0	0	0	0	0	0	0	0	0	0	0	0	0	0	0	0	0	0	413087	415949	913639	1005198	2175399	1444046	811632	189292	146199	160302	151343	169436	263754	850516	1044333	410193	189407	158222	90743	99716	44660	43605	25079	32194	18836	23201	33823	50617	10936	5940	4551	5048	5793	5237	4726	3695	4387	3323	3912	4539	9421	12724	31822	134843	146973	133152	39740	70870	64011	178309	223157	132406	22153	77036	83777	63149	25769	68537	406332
trimmed_19101-0033_SmallRNA.fastq.fastq	0	0	0	0	0	0	0	0	0	0	0	0	0	0	0	0	0	0	440521	419930	720273	860979	1935174	1189165	718091	202968	163188	172133	173034	196597	288039	805389	1130337	504729	270801	236656	132082	152826	70860	59849	34373	36618	24495	33694	49165	84266	15615	8266	5985	6040	6810	5734	5024	3845	4265	3376	3787	4472	8363	10598	23093	105935	98573	88043	28736	51046	43268	130590	160972	93116	15738	64436	62339	46816	20590	46930	254798
trimmed_19101-0034_SmallRNA.fastq.fastq	0	0	0	0	0	0	0	0	0	0	0	0	0	0	0	0	0	0	427563	375870	496774	1248023	2626621	1298446	1014788	195326	150677	156827	148931	178484	203168	587787	841760	430416	261167	240306	114859	94940	58230	48738	30441	27341	20140	23304	41258	117161	15505	6557	4325	4396	4828	4353	3839	2833	3049	2580	2697	3352	6180	7310	22117	90116	75907	56752	21087	36893	28959	103972	130926	72529	12188	56290	49028	42775	16866	33707	164936
trimmed_19101-0035_SmallRNA.fastq.fastq	0	0	0	0	0	0	0	0	0	0	0	0	0	0	0	0	0	0	1256568	1078024	1550125	4111098	8954532	4444912	3217500	555695	414971	424706	418959	513531	570461	1728510	2233833	1096504	666365	567801	254250	213602	123912	99999	67320	62916	44704	52983	99313	279795	37568	15360	9634	10457	12299	11453	10638	7340	8237	7055	7702	9846	18594	22108	70303	290923	255748	205814	74658	125154	95376	352114	422473	231186	37367	166547	152276	136222	49096	109646	421414
trimmed_19101-0036_SmallRNA.fastq.fastq	0	0	0	0	0	0	0	0	0	0	0	0	0	0	0	0	0	0	443490	418998	603769	1350426	2886996	1455807	983032	194242	148364	146279	148826	169369	211488	596503	866459	387946	235518	189899	97209	79517	51385	45117	27495	26339	19522	28864	54823	114644	15394	6130	3998	4046	4417	3904	3523	2448	2653	2092	2305	2881	4583	6453	17286	74831	68296	57720	17964	32111	24768	88135	97532	57298	10287	44477	39205	32451	12250	27982	140824
trimmed_19101-0037_SmallRNA.fastq.fastq	0	0	0	0	0	0	0	0	0	0	0	0	0	0	0	0	0	0	838904	786284	578428	856994	1731783	1141066	482480	232963	190073	219587	406901	253703	155585	177632	171644	179211	177440	100473	116569	111184	60573	55400	34838	30684	34021	57461	82765	137009	17714	10180	7550	7310	7896	8265	9374	5308	5259	4452	5345	5345	7571	8384	18501	89425	81684	48550	20438	45238	36027	132292	107013	92807	11428	43083	37294	28314	7227	34738	182334
trimmed_19101-0038_SmallRNA.fastq.fastq	0	0	0	0	0	0	0	0	0	0	0	0	0	0	0	0	0	0	928167	1009331	526889	784726	2137346	945094	496556	246633	189971	232238	446038	251248	152762	165092	162723	191758	207036	100149	119736	115555	57338	46182	28624	23744	25509	31796	45492	134765	14089	7731	5822	5791	6690	7006	7614	4730	4310	4109	4585	4986	7760	7997	18700	96154	80587	40757	18047	39072	31527	129873	111349	98452	10045	39148	34840	24293	6799	29311	142875
trimmed_19101-0039_SmallRNA.fastq.fastq	0	0	0	0	0	0	0	0	0	0	0	0	0	0	0	0	0	0	1133184	1151882	692656	1094250	2501577	1347178	626728	283202	220070	260588	498752	282413	173309	198927	202441	221202	219523	106860	126244	118129	58678	52246	30799	26977	29546	48757	77053	172850	16167	8637	6316	6191	7076	7566	9259	4872	4931	4280	4885	5188	8073	8720	20321	103687	94485	50211	19902	47038	37085	140678	121551	107302	11380	48709	41424	29949	7498	34064	169573
trimmed_19101-0040_SmallRNA.fastq.fastq	0	0	0	0	0	0	0	0	0	0	0	0	0	0	0	0	0	0	465924	416122	368883	920024	2857712	1228991	577633	166850	134983	101661	123397	146438	253993	834756	530372	346189	325948	95952	144724	129614	38549	36147	24429	24967	23735	16794	35389	146833	9451	5232	3802	4544	6604	5129	5169	3242	3348	2668	2888	3183	5754	6107	18479	103710	80363	43187	16139	38870	25806	121832	134544	111445	7885	41334	41532	28819	6180	25814	119174
trimmed_19101-0041_SmallRNA.fastq.fastq	0	0	0	0	0	0	0	0	0	0	0	0	0	0	0	0	0	0	535859	448499	523417	1391422	3664017	2035019	761192	219323	189053	126795	157263	165854	385805	1093574	669805	417013	335028	98360	144957	112561	29870	33313	20286	19256	27502	18209	43055	116508	8530	5208	4008	4661	6771	6302	7243	4028	4228	3706	4510	4516	7294	9262	22299	119583	114207	72967	23911	53739	40478	175972	157286	136695	10949	49316	49491	37870	8820	37760	210744
trimmed_19101-0042_SmallRNA.fastq.fastq	0	0	0	0	0	0	0	0	0	0	0	0	0	0	0	0	0	0	573300	463382	532269	1461838	4231833	2005979	839824	253880	206962	137935	174709	196287	434816	1201269	768584	507848	394483	118957	175435	133476	34957	39744	24445	21633	29026	19174	42274	137647	9771	6018	4580	5121	7390	7288	7924	4349	4784	4115	4819	4929	8488	10541	25179	137350	125653	77811	27314	61345	45469	200230	183917	159419	12427	58414	60879	45328	10336	40990	235239
trimmed_19101-0043_SmallRNA.fastq.fastq	0	0	0	0	0	0	0	0	0	0	0	0	0	0	0	0	0	0	770399	806266	1062823	1068397	2976901	2078844	955696	312923	200445	171105	153309	164325	173033	368936	471024	201661	108145	81852	84407	120409	45514	48537	26108	26844	21326	30652	54793	63100	9144	5911	4701	4858	6117	6305	6855	3768	5078	3258	3717	3559	5151	7271	18208	92528	97795	74070	22489	49965	43761	163171	112369	106394	10889	46153	42154	34746	9196	41404	227854
trimmed_19101-0044_SmallRNA.fastq.fastq	0	0	0	0	0	0	0	0	0	0	0	0	0	0	0	0	0	0	550499	469643	448535	716085	2772854	1262468	943449	301716	179193	113340	119869	143801	135778	297744	371611	198597	115130	77392	92297	122841	36702	35743	21682	21997	17622	16521	33974	91401	7400	4537	3218	3587	4908	4483	4135	2649	3190	2306	2348	2740	5476	6676	14271	77923	67693	44316	15434	34840	24982	111656	101930	87406	7249	34514	36374	25873	6048	21847	126439
trimmed_19101-0045_SmallRNA.fastq.fastq	0	0	0	0	0	0	0	0	0	0	0	0	0	0	0	0	0	0	826091	705164	668193	1009516	3966163	1777443	1366833	451873	271494	167967	170605	207310	192602	420282	515096	265223	153504	108604	130602	222826	51496	49048	28087	29224	22976	22197	42423	114010	9872	6304	4466	4910	6553	6331	6140	3902	4694	3596	3780	4329	8095	9446	21202	117097	104316	66267	21972	51396	34949	164005	160509	136188	10582	51517	54235	37365	8947	33235	171212
trimmed_19101-0046_SmallRNA.fastq.fastq	0	0	0	0	0	0	0	0	0	0	0	0	0	0	0	0	0	0	731527	579758	595710	1210573	3928796	1738889	2118344	411904	307844	222311	243468	240272	281325	717404	885091	420709	278380	236314	220643	337337	67379	63810	33273	35775	21886	20404	35026	95403	13070	7875	5179	5272	6922	5767	5407	3872	4705	3520	3514	4074	7114	8747	22430	110434	85539	57260	21886	39042	30602	121946	145962	91025	9671	49219	54912	37876	11133	31921	174098
trimmed_19101-0047_SmallRNA.fastq.fastq	0	0	0	0	0	0	0	0	0	0	0	0	0	0	0	0	0	0	858322	709150	772940	1367088	4066308	1960781	2250111	432586	327212	255059	286442	260939	320474	863483	1084543	480280	302256	269090	263144	421108	71863	66739	34055	36962	20475	20701	35745	87525	12317	7865	5582	5383	7025	6202	5502	4437	5508	3872	3991	4504	6560	9216	25307	119194	96004	64262	21948	42653	34505	144361	164658	103930	10907	54301	54782	39430	12872	34149	156741
trimmed_19101-0048_SmallRNA.fastq.fastq	0	0	0	0	0	0	0	0	0	0	0	0	0	0	0	0	0	0	311721	252303	294655	752012	2501268	1020307	1707997	248838	183874	114992	112582	112424	136763	364488	561947	250615	144569	131903	134675	210709	32257	35339	18219	18601	11051	10816	20867	57990	6677	4414	2916	2890	3941	3311	2702	2103	2318	1761	1900	2114	3514	4654	16651	79890	51915	37609	12267	21958	19321	94188	108733	60875	6247	36610	36906	23618	7253	18236	90347
trimmed_19101-0049_SmallRNA.fastq.fastq	0	0	0	0	0	0	0	0	0	0	0	0	0	0	0	0	0	0	333423	297640	472903	808648	2154362	969188	722771	157942	119608	126167	135978	152716	201368	672477	1013276	425793	247714	194674	128421	159635	45454	47872	26573	25544	17151	18766	33199	81683	11435	5833	4025	4042	5058	4006	3111	2469	2751	2245	2531	2930	5068	6362	19641	90177	78043	59917	22192	38046	30072	110900	138932	70274	11822	52850	51926	40096	16974	32987	154030
trimmed_19101-0050_SmallRNA.fastq.fastq	0	0	0	0	0	0	0	0	0	0	0	0	0	0	0	0	0	0	606544	517268	736321	1226581	3248311	1538664	1076168	253976	199137	206489	212652	224801	302696	960496	1230585	517437	308716	244657	163663	194203	66069	63442	34102	32051	22109	23616	37504	83749	14282	8167	5703	5843	7014	5843	5267	4310	4662	3989	4506	5405	8875	12102	31026	134039	125341	88583	38154	61348	47580	161509	216607	112113	17814	70400	71999	61425	25183	51484	232394
trimmed_19101-0051_SmallRNA.fastq.fastq	0	0	0	0	0	0	0	0	0	0	0	0	0	0	0	0	0	0	227467	201313	294786	581177	1664960	724304	566940	114075	87244	95525	101864	115755	146536	505628	673344	301051	188559	153427	95288	116139	32568	32716	19828	18011	12480	12770	21877	60644	8140	4286	2742	2711	3418	2579	2129	1611	1704	1398	1517	1901	3753	4011	13760	59691	45598	30821	13049	22132	16991	69678	86469	43298	6761	35187	35290	25632	8317	17659	85246
trimmed_19101-0052_SmallRNA.fastq.fastq	0	0	0	0	0	0	0	0	0	0	0	0	0	0	0	0	0	0	308947	313813	491949	1302232	3163653	1204874	897159	165740	124317	124810	132912	143968	174641	500923	898640	385037	239319	178708	91259	80849	39926	41815	25166	24157	19173	30064	85129	147834	14037	6122	3616	3874	5042	3817	3061	2185	2419	2137	2248	2827	4865	6258	17108	78157	71861	55494	22059	35377	28668	95062	94841	53231	11010	47404	43696	35871	14924	31207	140530
trimmed_19101-0053_SmallRNA.fastq.fastq	0	0	0	0	0	0	0	0	0	0	0	0	0	0	0	0	0	0	200210	179481	264648	892353	2376358	790198	759635	118698	91195	92316	93748	114770	113263	366208	534190	258059	159656	136721	66819	53291	26218	23729	17400	14494	12162	13069	29322	81900	8368	4052	2266	2542	3343	2778	2103	1652	1698	1433	1573	2344	4175	4145	17289	65088	48417	29512	13468	22223	16994	70930	90415	41136	7066	37524	35389	28138	8816	18583	90149
trimmed_19101-0054_SmallRNA.fastq.fastq	0	0	0	0	0	0	0	0	0	0	0	0	0	0	0	0	0	0	179416	170967	257169	879383	2370177	731509	800396	114821	90441	87995	89060	110752	110239	314735	573280	271949	170836	142329	61643	54368	25868	22422	16758	14192	12530	13501	32213	89473	8873	4057	2394	2758	3584	3042	2551	1901	2074	1800	1878	2942	5510	5430	23435	89679	61111	38122	19005	30409	22825	95229	117136	55547	9899	54898	57405	42961	10746	23043	127144
