	trimmed_19101-0001_SmallRNA.fastq.fastq	trimmed_19101-0002_SmallRNA.fastq.fastq	trimmed_19101-0003_SmallRNA.fastq.fastq	trimmed_19101-0004_SmallRNA.fastq.fastq	trimmed_19101-0005_SmallRNA.fastq.fastq	trimmed_19101-0006_SmallRNA.fastq.fastq	trimmed_19101-0007_SmallRNA.fastq.fastq	trimmed_19101-0008_SmallRNA.fastq.fastq	trimmed_19101-0009_SmallRNA.fastq.fastq	trimmed_19101-0010_SmallRNA.fastq.fastq	trimmed_19101-0011_SmallRNA.fastq.fastq	trimmed_19101-0012_SmallRNA.fastq.fastq	trimmed_19101-0013_SmallRNA.fastq.fastq	trimmed_19101-0014_SmallRNA.fastq.fastq	trimmed_19101-0015_SmallRNA.fastq.fastq	trimmed_19101-0016_SmallRNA.fastq.fastq	trimmed_19101-0017_SmallRNA.fastq.fastq	trimmed_19101-0018_SmallRNA.fastq.fastq	trimmed_19101-0019_SmallRNA.fastq.fastq	trimmed_19101-0020_SmallRNA.fastq.fastq	trimmed_19101-0021_SmallRNA.fastq.fastq	trimmed_19101-0022_SmallRNA.fastq.fastq	trimmed_19101-0023_SmallRNA.fastq.fastq	trimmed_19101-0024_SmallRNA.fastq.fastq	trimmed_19101-0025_SmallRNA.fastq.fastq	trimmed_19101-0026_SmallRNA.fastq.fastq	trimmed_19101-0027_SmallRNA.fastq.fastq	trimmed_19101-0028_SmallRNA.fastq.fastq	trimmed_19101-0029_SmallRNA.fastq.fastq	trimmed_19101-0030_SmallRNA.fastq.fastq	trimmed_19101-0031_SmallRNA.fastq.fastq	trimmed_19101-0032_SmallRNA.fastq.fastq	trimmed_19101-0033_SmallRNA.fastq.fastq	trimmed_19101-0034_SmallRNA.fastq.fastq	trimmed_19101-0035_SmallRNA.fastq.fastq	trimmed_19101-0036_SmallRNA.fastq.fastq	trimmed_19101-0037_SmallRNA.fastq.fastq	trimmed_19101-0038_SmallRNA.fastq.fastq	trimmed_19101-0039_SmallRNA.fastq.fastq	trimmed_19101-0040_SmallRNA.fastq.fastq	trimmed_19101-0041_SmallRNA.fastq.fastq	trimmed_19101-0042_SmallRNA.fastq.fastq	trimmed_19101-0043_SmallRNA.fastq.fastq	trimmed_19101-0044_SmallRNA.fastq.fastq	trimmed_19101-0045_SmallRNA.fastq.fastq	trimmed_19101-0046_SmallRNA.fastq.fastq	trimmed_19101-0047_SmallRNA.fastq.fastq	trimmed_19101-0048_SmallRNA.fastq.fastq	trimmed_19101-0049_SmallRNA.fastq.fastq	trimmed_19101-0050_SmallRNA.fastq.fastq	trimmed_19101-0051_SmallRNA.fastq.fastq	trimmed_19101-0052_SmallRNA.fastq.fastq	trimmed_19101-0053_SmallRNA.fastq.fastq	trimmed_19101-0054_SmallRNA.fastq.fastq
hsa_circ_002021	0.176547095438359	0	0	0	0	0	0	0	0	0	0	0	0	0	0	0	0	0	0	0	0	0	0	0	0	0	0	0	0	0	0	0	0	0	0	0	0	0	0	0	0	0	0	0	0	0	0	0	0	0	0	0	0	0
hsa_circ_000966	0.176547095438359	0.104190402542746	0	0	0	0.0896337814663871	0	0.360488414938748	0	0.0909973500661687	0	0	0	0.0854514249238735	0	0	0.0951767470262977	0	0	0.14748135761899	0	0	0	0	0	0	0.450624001586196	0	0.0920700693738766	0	0	0.0966035076153994	0	0.0968850018626142	0	0.0934352138447068	0	0.155767413083341	0.125420251909084	0.108925876485681	0.078086652133179	0.0710687755994172	0.183374750048755	0	0	0	0	0.117041266995123	0	0	0	0	0.137137415530209	0.134804354396334
hsa_circ_002124	0	0	0	0.10185112380493	0	0	0	0	0	0	0	0	0	0	0	0	0	0	0	0	0	0	0	0	0	0	0	0	0	0	0	0	0	0	0	0	0	0	0	0	0	0	0	0	0	0	0	0	0	0	0	0	0	0
hsa_circ_001808	0	0	0	0.10185112380493	0	0	0	0	0	0	0	0	0	0.0854514249238735	0	0	0	0	0	0.14748135761899	0	0	0	0	0	0	0	0	0	0	0	0	0	0	0	0	0	0	0.125420251909084	0	0	0	0	0	0	0	0	0	0	0	0	0	0	0
hsa_circ_002131	0	0	0	0.10185112380493	0	0	0	0	0	0	0	0	0	0	0	0	0	0	0	0	0	0	0	0	0	0	0	0	0	0	0	0	0	0	0	0	0	0	0	0.108925876485681	0.078086652133179	0	0	0	0	0	0	0	0	0	0	0	0	0
hsa_circ_001707	0	0	0	0.10185112380493	0	0	0	0	0	0	0	0	0	0	0	0	0	0	0	0	0	0	0	0	0	0	0	0	0	0	0	0	0	0	0	0	0	0	0	0	0	0	0	0	0	0	0	0	0	0	0.162104452976902	0	0	0
hsa_circ_000833	0	0	0	0	0.0931960195607262	0	0	0	0	0	0	0	0	0	0	0	0	0	0	0	0	0	0	0	0	0	0	0	0	0	0	0.0966035076153994	0	0	0	0	0	0	0	0	0	0	0	0	0	0	0	0	0.117327830501646	0	0	0	0	0
hsa_circ_000006	0	0	0	0	0.0931960195607262	0	0	0	0.1125227464732	0	0	0	0	0	0	0	0	0	0	0	0	0	0	0	0	0	0	0	0	0	0	0	0	0	0	0	0	0	0	0	0	0	0	0	0	0	0	0	0	0	0	0	0	0
hsa_circ_001472	0	0	0	0	0.0931960195607262	0	0	0	0	0	0	0	0	0	0	0	0	0	0	0	0	0.116842385930868	0	0	0	0.255981520182095	0	0	0	0	0	0	0	0	0	0	0	0	0	0	0	0.0710687755994172	0	0	0	0	0	0	0	0	0	0	0	0
hsa_circ_002171	0	0	0	0	0.0931960195607262	0	0.100682780274431	0.090122103734687	0	0	0	0	0	0.341805699695494	0	0	0.0951767470262977	0.0941266212016261	0.16633062336393	0	0	0	0	0	0.14803272648304	0	0.225312000793098	0	0	0.0937407958256099	0.218980603683538	0	0	0	0.0306776019637592	0	0	0	0	0	0	0.0710687755994172	0	0.235673357668964	0.0834742378468188	0.0759425303382814	0	0	0	0.079575208439301	0	0	0	0
hsa_circ_001359	0	0	0	0	0	0.0896337814663871	0	0	0.225045492946399	0	0	0	0	0	0	0	0	0	0	0	0	0	0	0	0	0	0	0	0	0	0	0	0	0	0	0	0	0	0	0	0	0	0	0	0	0	0	0	0	0	0	0	0	0
hsa_circ_000016	0	0	0	0	0	0.0896337814663871	0	0	0.1125227464732	0	0	0.0893669823853209	0	0	0	0	0.0951767470262977	0	0	0	0	0	0	0	0	0	0	0	0.184140138747753	0	0	0	0	0	0	0	0	0	0	0.108925876485681	0	0	0	0	0	0	0	0	0	0	0	0	0	0
hsa_circ_001929	0	0	0	0	0	0.0896337814663871	0	0	0	0	0	0	0	0	0	0	0	0	0	0	0	0	0	0	0	0	0	0	0	0	0	0	0	0	0	0	0	0	0	0	0	0	0	0	0	0	0	0	0	0	0	0	0	0
hsa_circ_000746	0	0	0	0	0	0.0896337814663871	0	0	0	0	0	0	0	0.0854514249238735	0	0	0	0	0	0	0	0	0	0	0	0	0	0	0	0	0	0	0	0	0.0306776019637592	0	0	0	0	0	0	0.213206326798251	0	0	0	0	0	0	0	0.079575208439301	0	0	0	0
hsa_circ_001612	0	0	0	0	0	0	0.100682780274431	0	0	0	0	0	0	0	0	0	0	0	0	0	0	0	0	0	0	0	0	0	0	0	0	0	0	0	0	0	0	0	0	0	0	0	0	0	0.0834742378468188	0	0	0	0	0	0	0	0	0
circRNA#circRNA_6149	0	0	0	0	0	0	0.100682780274431	0	0	0	0	0	0	0	0	0	0	0	0	0	0	0	0	0	0	0	0	0	0	0	0	0	0	0	0	0	0	0	0	0	0	0	0	0	0	0	0	0	0	0	0	0	0	0
hsa_circ_001099	0	0	0	0	0	0	0.100682780274431	0	0	0.0909973500661687	0	0	0	0	0	0	0.0951767470262977	0	0	0	0	0	0	0	0	0	0	0	0	0	0	0	0	0	0	0	0	0	0	0	0	0	0	0	0	0.0759425303382814	0	0	0	0	0	0	0	0
hsa_circ_000706	0	0	0	0	0	0	0.100682780274431	0	0	0	0	0	0	0	0	0	0	0	0	0	0	0	0	0	0	0	0	0	0	0	0	0	0	0	0	0	0	0	0	0	0	0	0	0	0	0	0	0	0	0	0	0	0	0
hsa_circ_001273	0	0	0	0	0	0	0.100682780274431	0	0	0	0	0	0	0	0	0	0	0	0	0	0	0	0	0	0	0	0	0	0	0	0	0	0	0	0	0	0	0	0	0	0	0	0	0	0	0	0	0	0	0	0	0	0	0
hsa_circ_001549	0	0	0	0	0	0	0.100682780274431	0	0	0	0	0	0	0	0	0	0	0	0	0	0	0	0	0	0	0	0	0	0	0	0	0	0	0	0	0	0	0	0	0	0	0	0.0916873750243774	0	0	0	0	0	0	0.159150416878602	0	0	0	0
hsa_circ_000404	0	0	0	0	0	0	0	0.090122103734687	0	0	0	0	0	0	0	0	0	0.0941266212016261	0	0	0	0	0	0	0	0	0	0	0	0	0	0	0	0	0	0	0	0	0.125420251909084	0	0	0	0	0	0	0	0	0	0	0	0	0	0	0
hsa_circ_000587	0	0	0	0	0	0	0	0.090122103734687	0	0	0	0	0	0	0	0	0	0	0	0	0	0	0	0	0	0	0	0	0	0	0	0	0	0	0	0	0	0	0	0	0	0	0	0	0	0	0	0	0	0	0	0	0	0.134804354396334
hsa_circ_001664	0	0	0	0	0	0	0	0.090122103734687	0	0.0909973500661687	0	0	0	0	0	0	0	0	0	0	0	0	0	0	0	0	0	0	0	0	0	0	0	0	0	0	0	0	0	0	0	0	0	0	0	0	0	0	0	0	0	0	0	0
hsa_circ_001355	0	0	0	0	0	0	0	0.090122103734687	0	0	0	0.0893669823853209	0.105949644676677	0	0	0	0	0	0	0	0	0	0	0	0	0	0	0	0	0	0	0	0	0	0	0	0.154734400722176	0	0	0	0	0	0	0	0	0	0	0	0.117327830501646	0	0	0	0	0
hsa_circ_001530	0	0	0	0	0	0	0	0.090122103734687	0	0	0	0	0	0	0	0	0	0	0	0	0	0	0	0	0	0	0	0	0	0	0	0	0	0	0	0	0	0	0	0	0	0.0710687755994172	0	0	0	0	0	0	0	0	0	0	0	0
hsa_circ_002178	0	0	0	0	0	0	0	0.090122103734687	0	0	0	0	0	0	0	0	0	0	0	0	0	0	0	0	0	0	0	0	0	0	0	0	0	0	0	0	0.309468801444353	0	0	0	0	0	0	0	0	0	0	0	0	0	0	0	0	0
circRNA#circRNA_4282	0	0	0	0	0	0	0	0.090122103734687	0	0	0	0	0	0	0	0	0	0	0	0	0	0	0	0	0	0	0	0	0	0	0	0	0	0	0	0	0	0	0	0	0	0	0	0	0	0	0	0	0	0	0	0	0	0
hsa_circ_001251	0	0	0	0	0	0	0	0	0.225045492946399	0	0	0	0	0	0	0	0	0	0	0	0	0	0	0	0	0	0	0	0	0	0	0	0	0	0	0	0	0	0	0	0	0	0	0	0	0	0	0	0	0	0	0	0	0
circRNA#circRNA_7138	0	0	0	0	0	0	0	0	0.1125227464732	0	0	0	0	0	0	0	0	0	0	0	0	0	0	0	0	0	0	0	0	0	0	0	0	0	0	0	0	0	0	0	0	0	0	0	0	0	0	0	0	0	0	0	0	0
hsa_circ_000287	0	0	0	0	0	0	0	0	0.1125227464732	0	0	0	0	0	0	0	0	0	0	0	0	0	0	0	0	0	0	0	0	0	0	0	0	0	0	0	0	0	0	0	0	0	0	0	0	0	0	0	0	0	0	0	0	0
hsa_circ_001089	0	0	0	0	0	0	0	0	0.1125227464732	0	0	0	0	0	0	0	0	0	0	0	0	0	0	0	0	0	0	0	0	0	0	0	0	0	0	0	0	0	0	0	0.078086652133179	0	0	0	0	0	0	0	0	0	0	0	0	0
hsa_circ_000021	0	0	0	0	0	0	0	0	0.1125227464732	0	0	0	0	0	0	0	0	0	0	0	0	0	0	0	0	0	0	0	0	0	0	0	0	0	0	0	0	0	0	0	0	0.0710687755994172	0.0916873750243774	0	0.0834742378468188	0	0	0	0	0	0	0	0	0
circRNA#circRNA_6934	0	0	0	0	0	0	0	0	0.1125227464732	0	0	0	0	0	0	0	0	0	0	0	0	0	0	0	0	0	0	0	0	0	0	0	0	0	0	0	0	0	0	0	0	0	0	0.117836678834482	0.0834742378468188	0	0.0701976949604092	0	0	0	0	0.0977701847279647	0	0
circRNA#circRNA_3797	0	0	0	0	0	0	0	0	0.1125227464732	0.0909973500661687	0	0	0	0	0	0	0	0	0	0	0	0	0	0	0	0	0	0	0	0	0	0	0	0	0	0	0	0	0	0	0	0	0	0	0	0	0	0	0	0	0	0	0	0
hsa_circ_001318	0	0	0	0	0	0	0	0	0	0.181994700132337	0	0	0	0	0	0	0	0	0	0	0	0	0	0	0	0	0	0	0	0	0	0	0	0	0	0	0	0	0	0	0	0	0	0	0	0	0	0	0	0	0	0	0	0
hsa_circ_000522	0	0	0	0	0	0	0	0	0	0.0909973500661687	0	0	0	0	0	0	0	0	0	0	0	0	0	0	0	0	0	0	0	0	0	0	0	0	0	0	0	0	0	0	0	0	0	0	0	0	0	0	0	0	0	0	0	0
hsa_circ_002118	0	0	0	0	0	0	0	0	0	0.0909973500661687	0	0	0	0	0	0	0	0	0	0	0	0	0	0	0	0	0	0	0	0	0	0	0	0	0	0	0	0	0	0	0	0	0	0	0	0	0	0	0	0	0	0	0	0
circRNA#circRNA_978	0	0	0	0	0	0	0	0	0	0.0909973500661687	0	0	0	0.0854514249238735	0	0	0	0	0	0	0	0	0	0	0	0	0	0	0	0	0.109490301841769	0	0	0	0	0	0	0	0	0	0	0	0	0	0	0	0	0.117041266995123	0	0	0	0	0	0
hsa_circ_000013	0	0	0	0	0	0	0	0	0	0.0909973500661687	0	0	0	0	0	0	0	0	0	0	0	0	0	0	0	0	0	0	0	0	0	0	0	0	0	0	0	0	0	0	0	0	0	0	0	0	0	0	0	0	0	0	0	0
circRNA#circRNA_4602	0	0	0	0	0	0	0	0	0	0.0909973500661687	0	0	0	0.0854514249238735	0	0	0	0	0	0	0	0	0	0	0	0	0	0	0	0	0	0	0	0	0	0	0	0	0	0	0	0	0	0	0	0.0759425303382814	0.0701976949604092	0	0	0	0	0	0	0
hsa_circ_002176	0	0	0	0	0	0	0	0	0	0	0.216878927880708	0	0	0	0	0	0	0	0	0	0	0	0	0	0	0.255981520182095	0	0	0	0	0	0	0	0	0	0	0	0	0	0	0	0	0	0	0	0	0	0	0	0	0.162104452976902	0	0	0
hsa_circ_001246	0	0	0	0	0	0	0	0	0	0	0.108439463940354	0	0	0	0	0	0	0	0	0	0	0	0	0	0	0	0	0	0	0	0	0	0	0	0	0	0	0	0	0	0	0	0	0	0.0834742378468188	0	0	0	0	0	0	0	0	0
hsa_circ_000003	0	0	0	0	0	0	0	0	0	0	0.108439463940354	0	0.105949644676677	0	0.14546360122492	0	0	0	0	0	0	0	0	0	0	0	0	0	0	0	0	0	0	0	0	0	0	0	0	0.108925876485681	0	0	0	0.117836678834482	0	0	0	0	0	0	0	0	0	0
circRNA#circRNA_3585	0	0	0	0	0	0	0	0	0	0	0.108439463940354	0	0	0	0	0	0	0	0	0	0	0	0	0	0	0	0	0	0	0	0	0	0	0	0	0	0	0	0	0	0	0	0	0	0	0	0	0	0	0	0	0	0	0
hsa_circ_001001	0	0	0	0	0	0	0	0	0	0	0.108439463940354	0	0	0	0	0	0	0	0	0	0	0	0	0	0	0	0	0	0	0	0	0.0966035076153994	0	0	0	0	0	0	0	0	0	0	0	0	0	0	0	0	0	0	0	0	0	0
CDR1as	0	0	0	0	0	0	0	0	0	0	0	0.178733964770642	0	0	0	0.0928195966672938	0	0	0	0	0	0	0	0	0	0	0	0	0	0	0	0	0.104325284568079	0	0.0306776019637592	0	0	0	0	0	0	0	0	0	0	0	0	0	0	0.079575208439301	0	0	0	0
hsa_circ_002057	0	0	0	0	0	0	0	0	0	0	0	0.178733964770642	0	0	0	0	0	0	0	0	0	0	0	0	0	0	0	0	0	0	0	0	0	0	0	0	0	0	0	0	0	0	0	0	0	0	0	0	0	0	0	0	0	0
hsa_circ_000552	0	0	0	0	0	0	0	0	0	0	0	0.0893669823853209	0	0	0	0	0	0	0	0	0	0	0	0	0	0	0	0	0	0	0	0	0	0	0	0	0	0	0	0	0	0	0	0	0	0	0	0	0	0	0	0	0	0
hsa_circ_002089	0	0	0	0	0	0	0	0	0	0	0	0.0893669823853209	0	0	0	0	0	0	0	0	0	0	0	0	0	0	0	0	0	0	0	0	0	0	0	0	0	0	0	0	0	0	0	0	0	0	0	0	0	0	0	0	0	0
hsa_circ_001175	0	0	0	0	0	0	0	0	0	0	0	0.0893669823853209	0	0	0	0	0	0	0	0	0	0	0	0	0	0	0	0	0	0	0	0	0	0	0	0	0	0	0	0	0	0	0	0	0	0	0	0	0	0	0	0	0	0
hsa_circ_001859	0	0	0	0	0	0	0	0	0	0	0	0.0893669823853209	0	0	0	0	0	0	0	0	0	0	0	0	0	0	0	0	0	0	0	0	0	0	0	0	0	0	0	0	0	0	0	0	0	0	0	0	0	0	0	0	0	0
hsa_circ_000320	0	0	0	0	0	0	0	0	0	0	0	0	0.105949644676677	0	0	0	0	0	0	0	0	0	0	0	0	0	0	0	0	0	0	0	0	0	0	0	0	0	0	0	0	0	0	0	0	0	0	0	0	0	0	0	0	0
hsa_circ_000892	0	0	0	0	0	0	0	0	0	0	0	0	0.105949644676677	0	0	0	0	0	0	0	0	0	0	0	0	0	0	0	0	0	0	0	0	0	0	0	0	0	0	0	0	0	0	0	0	0	0	0	0	0	0	0	0	0
hsa_circ_000683	0	0	0	0	0	0	0	0	0	0	0	0	0.105949644676677	0	0	0	0	0	0	0	0	0	0	0	0	0	0	0	0	0	0	0	0	0	0	0	0	0	0	0	0	0	0	0	0	0	0	0	0	0	0	0	0	0
hsa_circ_000012	0	0	0	0	0	0	0	0	0	0	0	0	0.105949644676677	0	0	0	0	0	0	0	0	0	0	0	0	0	0	0	0	0	0	0	0	0	0.0306776019637592	0	0	0	0	0	0	0	0	0	0	0	0	0	0	0	0	0	0	0
hsa_circ_001496	0	0	0	0	0	0	0	0	0	0	0	0	0.105949644676677	0	0	0	0	0	0	0	0	0	0	0	0	0	0	0	0	0	0	0	0	0	0	0	0	0	0	0	0	0	0	0	0	0	0	0	0	0	0	0	0	0
hsa_circ_000374	0	0	0	0	0	0	0	0	0	0	0	0	0.105949644676677	0	0	0	0	0	0	0	0	0	0	0	0	0	0	0	0	0	0	0.0966035076153994	0	0	0	0	0	0	0	0	0	0	0	0	0	0	0	0	0	0	0	0	0	0
circRNA#circRNA_7581	0	0	0	0	0	0	0	0	0	0	0	0	0.105949644676677	0	0	0	0.0951767470262977	0	0	0	0	0	0	0	0	0	0	0	0	0	0	0	0	0	0	0	0	0	0	0	0	0	0	0	0	0	0	0	0	0	0	0	0	0
hsa_circ_001228	0	0	0	0	0	0	0	0	0	0	0	0	0.0706330964511178	0	0	0	0	0	0	0	0	0	0	0	0	0	0	0	0	0	0	0	0	0	0	0	0	0	0	0	0	0	0	0	0	0	0	0	0	0	0	0	0	0
circRNA#circRNA_789	0	0	0	0	0	0	0	0	0	0	0	0	0.0706330964511178	0	0	0	0	0	0	0	0	0	0	0	0	0	0	0	0	0	0	0	0	0	0	0	0	0	0	0	0	0	0	0	0	0	0	0	0	0	0	0	0	0
hsa_circ_000809	0	0	0	0	0	0	0	0	0	0	0	0	0.0706330964511178	0	0	0	0	0	0	0	0	0	0	0	0	0	0	0	0	0	0	0	0	0	0	0	0	0	0	0	0	0	0	0	0	0	0	0	0	0	0	0	0	0
hsa_circ_001712	0	0	0	0	0	0	0	0	0	0	0	0	0	0.170902849847747	0	0	0	0	0	0	0	0	0	0	0	0	0	0	0	0	0	0	0	0	0	0	0	0	0	0	0	0	0	0	0	0	0	0	0	0	0	0	0	0
hsa_circ_000169	0	0	0	0	0	0	0	0	0	0	0	0	0	0.170902849847747	0	0	0	0	0	0	0	0	0	0	0	0	0	0	0	0	0	0	0	0	0	0	0	0	0	0	0	0	0	0	0	0	0	0	0.117327830501646	0	0	0	0	0
hsa_circ_000593	0	0	0	0	0	0	0	0	0	0	0	0	0	0.0854514249238735	0	0	0	0	0	0	0	0	0	0	0	0	0	0	0	0	0	0	0	0	0	0	0	0	0	0	0	0	0	0	0	0	0	0	0	0	0	0	0	0
hsa_circ_001494	0	0	0	0	0	0	0	0	0	0	0	0	0	0.0854514249238735	0	0	0	0	0	0	0	0	0	0	0	0	0	0	0	0	0	0	0	0	0	0	0	0	0	0.108925876485681	0	0	0	0	0	0	0	0	0	0.079575208439301	0	0.0977701847279647	0	0
hsa_circ_002173	0	0	0	0	0	0	0	0	0	0	0	0	0	0.0854514249238735	0	0	0	0	0	0	0	0	0	0	0	0	0	0	0	0	0	0	0	0	0	0	0	0	0	0	0	0.0710687755994172	0	0	0	0	0	0	0	0	0	0	0	0
circRNA#circRNA_3802	0	0	0	0	0	0	0	0	0	0	0	0	0	0.0854514249238735	0	0	0	0	0	0	0	0	0	0	0	0	0	0	0	0	0	0	0	0	0	0	0	0	0	0	0	0	0	0	0	0	0	0	0	0	0	0	0	0
hsa_circ_002095	0	0	0	0	0	0	0	0	0	0	0	0	0	0.0854514249238735	0	0	0	0	0	0	0	0	0	0	0	0	0	0	0	0	0	0	0	0	0	0	0	0	0	0	0	0	0.183374750048755	0	0	0	0	0	0	0	0	0	0	0
hsa_circ_001856	0	0	0	0	0	0	0	0	0	0	0	0	0	0.0854514249238735	0	0	0	0	0	0	0	0	0	0	0	0	0	0	0	0	0	0	0	0	0	0	0	0	0	0	0	0	0	0	0	0	0	0	0	0	0	0	0	0
hsa_circ_000852	0	0	0	0	0	0	0	0	0	0	0	0	0	0.0854514249238735	0	0	0	0	0	0	0	0	0	0	0	0	0	0	0	0	0	0	0.104325284568079	0	0	0	0	0	0	0	0	0	0	0	0	0	0	0	0	0	0	0	0	0
hsa_circ_001830	0	0	0	0	0	0	0	0	0	0	0	0	0	0.0854514249238735	0	0	0	0	0	0	0	0	0	0	0	0	0	0	0	0	0	0	0	0	0	0	0	0	0	0	0	0	0	0	0	0	0	0	0	0	0	0	0	0
circRNA#circRNA_4283	0	0	0	0	0	0	0	0	0	0	0	0	0	0.0854514249238735	0	0	0	0	0	0	0	0	0	0	0	0	0	0	0	0	0	0	0	0	0	0	0	0	0	0	0	0	0	0	0	0	0	0	0	0	0	0	0	0
hsa_circ_001915	0	0	0	0	0	0	0	0	0	0	0	0	0	0.0854514249238735	0	0	0	0	0.16633062336393	0	0.40738598946622	0	0	0	0	0	0	0	0	0	0	0	0	0	0	0	0	0	0	0	0	0	0	0	0	0	0	0	0	0	0	0	0	0
hsa_circ_000771	0	0	0	0	0	0	0	0	0	0	0	0	0	0	0.14546360122492	0	0	0	0	0	0	0	0	0	0	0	0	0	0	0	0	0	0	0	0	0	0.154734400722176	0	0	0	0	0	0	0	0	0	0	0	0	0	0	0	0	0
circRNA#circRNA_841	0	0	0	0	0	0	0	0	0	0	0	0	0	0	0.14546360122492	0	0	0	0	0	0	0	0	0	0	0	0	0	0	0	0	0.0966035076153994	0	0	0	0	0	0	0	0	0	0	0.0916873750243774	0	0	0	0	0	0	0	0	0	0	0
hsa_circ_000141	0	0	0	0	0	0	0	0	0	0	0	0	0	0	0	0.0928195966672938	0	0	0	0	0	0	0	0	0	0	0	0	0	0	0	0	0	0	0	0	0	0	0	0	0	0	0	0	0	0	0	0	0	0	0	0	0	0
circRNA#circRNA_4381	0	0	0	0	0	0	0	0	0	0	0	0	0	0	0	0.0928195966672938	0	0	0	0	0	0	0	0	0	0	0	0	0	0	0	0	0	0	0	0	0	0	0	0	0	0	0	0	0	0	0	0	0	0	0	0	0	0
circRNA#circRNA_2869	0	0	0	0	0	0	0	0	0	0	0	0	0	0	0	0.0928195966672938	0	0	0	0.14748135761899	0	0	0	0	0	0	0	0	0	0	0	0	0	0	0	0	0	0	0	0	0	0	0	0	0	0	0	0	0	0	0	0	0	0
hsa_circ_001546	0	0	0	0	0	0	0	0	0	0	0	0	0	0	0	0	0.190353494052595	0	0	0	0	0	0	0	0	0	0	0	0	0	0	0	0	0	0	0	0	0	0.125420251909084	0	0	0	0	0	0	0	0	0	0	0	0	0	0	0
hsa_circ_001589	0	0	0	0	0	0	0	0	0	0	0	0	0	0	0	0	0.0951767470262977	0	0	0	0	0	0	0	0	0	0	0	0	0	0	0	0	0	0	0	0	0	0	0	0.078086652133179	0	0	0	0	0	0	0	0	0	0	0	0	0
hsa_circ_000298	0	0	0	0	0	0	0	0	0	0	0	0	0	0	0	0	0.0951767470262977	0	0	0	0	0	0	0	0	0	0	0	0	0	0	0	0	0	0	0	0	0	0	0	0	0	0	0	0	0	0	0	0	0	0	0	0	0
hsa_circ_001739	0	0	0	0	0	0	0	0	0	0	0	0	0	0	0	0	0.0951767470262977	0	0	0	0	0	0	0	0	0	0	0	0	0	0	0	0	0	0	0	0	0	0	0	0	0	0	0	0	0	0	0	0	0	0	0	0	0
circRNA#circRNA_187	0	0	0	0	0	0	0	0	0	0	0	0	0	0	0	0	0	0.188253242403252	0	0	0	0	0	0	0	0	0	0	0	0	0	0	0	0	0	0	0	0	0	0	0	0	0	0	0	0	0	0	0	0	0	0	0	0
hsa_circ_000790	0	0	0	0	0	0	0	0	0	0	0	0	0	0	0	0	0	0.0941266212016261	0	0	0	0	0	0	0	0	0	0	0	0	0	0	0	0	0	0	0	0	0	0	0	0	0	0	0	0	0	0	0	0	0	0	0	0
hsa_circ_001150	0	0	0	0	0	0	0	0	0	0	0	0	0	0	0	0	0	0.0941266212016261	0	0	0	0	0	0	0	0	0	0	0	0	0	0	0	0	0	0	0	0	0	0	0	0	0	0	0	0	0	0	0	0	0	0	0	0
hsa_circ_000678	0	0	0	0	0	0	0	0	0	0	0	0	0	0	0	0	0	0.0941266212016261	0	0	0	0	0	0	0	0	0	0	0	0	0	0	0	0	0	0	0	0	0	0	0	0	0	0	0	0	0	0	0	0	0	0	0	0
hsa_circ_000896	0	0	0	0	0	0	0	0	0	0	0	0	0	0	0	0	0	0.0941266212016261	0	0	0	0	0	0	0	0	0	0	0	0	0	0	0	0	0	0	0	0	0	0	0	0	0	0	0	0	0	0	0	0	0	0	0	0
hsa_circ_002159	0	0	0	0	0	0	0	0	0	0	0	0	0	0	0	0	0	0.0941266212016261	0	0	0	0	0	0	0	0	0	0	0	0	0	0	0	0	0	0.0934352138447068	0	0	0	0	0	0	0	0	0	0	0	0	0	0	0	0	0	0
hsa_circ_001522	0	0	0	0	0	0	0	0	0	0	0	0	0	0	0	0	0	0.0941266212016261	0	0	0	0	0	0	0	0	0	0	0	0	0	0	0	0	0	0	0	0	0	0	0	0	0	0	0	0	0	0	0	0	0	0	0	0
hsa_circ_000714	0	0	0	0	0	0	0	0	0	0	0	0	0	0	0	0	0	0.0941266212016261	0	0	0	0	0	0	0	0	0	0	0	0	0	0	0	0	0	0	0	0	0	0	0	0	0	0	0	0	0	0	0	0.079575208439301	0	0	0	0
hsa_circ_000889	0	0	0	0	0	0	0	0	0	0	0	0	0	0	0	0	0	0.0941266212016261	0	0	0	0	0	0.107803658920866	0	0	0	0	0	0	0	0	0	0	0	0	0.309468801444353	0	0	0	0	0	0	0	0	0	0	0	0	0	0	0	0	0
hsa_circ_001471	0	0	0	0	0	0	0	0	0	0	0	0	0	0	0	0	0	0.047063310600813	0	0	0	0	0.0858422593545314	0	0	0	0	0	0	0	0	0	0	0.0968850018626142	0	0	0	0	0	0	0	0	0	0	0	0	0	0	0	0	0	0	0	0
hsa_circ_001368	0	0	0	0	0	0	0	0	0	0	0	0	0	0	0	0	0	0.047063310600813	0	0	0	0	0.0858422593545314	0	0	0	0	0	0	0	0	0	0	0	0	0	0	0	0	0	0	0	0	0	0	0	0	0	0	0	0	0	0	0
hsa_circ_001605	0	0	0	0	0	0	0	0	0	0	0	0	0	0	0	0	0	0	0.16633062336393	0	0	0	0	0	0	0	0	0	0	0	0	0	0	0	0	0	0	0	0	0	0	0	0	0	0	0	0	0	0	0	0	0	0	0
circRNA#circRNA_4098	0	0	0	0	0	0	0	0	0	0	0	0	0	0	0	0	0	0	0	0.29496271523798	0	0	0	0	0	0	0	0	0	0	0	0	0	0	0	0	0	0	0	0	0	0	0	0	0	0	0	0	0	0	0	0	0	0
circRNA#circRNA_923	0	0	0	0	0	0	0	0	0	0	0	0	0	0	0	0	0	0	0	0.29496271523798	0	0	0	0	0	0	0	0	0	0	0	0	0	0	0	0	0	0	0	0	0	0	0	0	0	0	0	0	0	0	0	0	0	0
circRNA#circRNA_1450	0	0	0	0	0	0	0	0	0	0	0	0	0	0	0	0	0	0	0	0.14748135761899	0	0	0	0	0	0	0	0	0	0	0	0	0	0	0	0	0	0	0	0	0	0	0	0	0	0	0	0	0	0	0	0	0	0
circRNA#circRNA_6755	0	0	0	0	0	0	0	0	0	0	0	0	0	0	0	0	0	0	0	0.14748135761899	0	0	0	0	0	0	0	0	0	0	0	0	0	0	0	0	0	0	0	0	0	0	0	0	0	0	0	0	0	0	0	0	0	0
circRNA#circRNA_3639	0	0	0	0	0	0	0	0	0	0	0	0	0	0	0	0	0	0	0	0.14748135761899	0	0	0	0	0	0	0	0	0	0	0	0	0	0	0	0	0	0	0	0	0	0	0	0	0	0	0	0	0	0	0	0	0	0
hsa_circ_001689	0	0	0	0	0	0	0	0	0	0	0	0	0	0	0	0	0	0	0	0.14748135761899	0	0	0	0	0	0	0	0	0	0	0	0	0	0	0	0	0	0	0	0	0	0	0	0	0	0	0	0	0	0	0	0	0	0
hsa_circ_001227	0	0	0	0	0	0	0	0	0	0	0	0	0	0	0	0	0	0	0	0.14748135761899	0	0	0	0	0	0	0	0	0	0	0	0	0	0	0	0	0	0	0	0	0	0	0	0	0	0	0	0	0	0	0	0	0	0
hsa_circ_001654	0	0	0	0	0	0	0	0	0	0	0	0	0	0	0	0	0	0	0	0.14748135761899	0	0	0	0	0	0	0	0	0	0	0	0	0.208650569136157	0	0	0	0	0	0	0	0	0	0	0	0	0	0	0	0	0	0	0	0	0
hsa_circ_000895	0	0	0	0	0	0	0	0	0	0	0	0	0	0	0	0	0	0	0	0.14748135761899	0	0	0	0	0	0	0	0	0	0	0	0	0	0	0	0	0	0	0	0	0	0	0	0	0	0	0	0	0	0	0	0	0	0
hsa_circ_002158	0	0	0	0	0	0	0	0	0	0	0	0	0	0	0	0	0	0	0	0.14748135761899	0	0	0	0	0	0	0	0	0	0	0	0	0	0	0	0	0	0	0	0	0	0	0.0916873750243774	0	0	0	0	0	0	0	0	0	0	0
hsa_circ_001123	0	0	0	0	0	0	0	0	0	0	0	0	0	0	0	0	0	0	0	0.14748135761899	0	0	0	0	0	0	0	0	0	0	0	0	0	0	0	0	0	0	0	0	0	0	0	0	0	0	0.0701976949604092	0	0	0	0	0	0	0
hsa_circ_001729	0	0	0	0	0	0	0	0	0	0	0	0	0	0	0	0	0	0	0	0.14748135761899	0	0	0	0	0	0	0	0	0	0	0	0	0	0	0	0	0	0	0	0	0	0	0	0	0	0	0	0	0	0	0	0	0	0
hsa_circ_001527	0	0	0	0	0	0	0	0	0	0	0	0	0	0	0	0	0	0	0	0	0	0	0.171684518709063	0	0	0	0	0	0	0.18748159165122	0	0	0	0	0	0	0	0	0	0	0.078086652133179	0	0	0	0	0	0	0	0	0	0	0	0	0
hsa_circ_001647	0	0	0	0	0	0	0	0	0	0	0	0	0	0	0	0	0	0	0	0	0	0	0.0858422593545314	0	0	0	0.225312000793098	0	0	0	0	0	0	0	0	0	0	0	0	0	0	0	0	0	0	0	0	0	0	0	0	0	0	0
hsa_circ_001624	0	0	0	0	0	0	0	0	0	0	0	0	0	0	0	0	0	0	0	0	0	0	0	0.107803658920866	0	0	0	0	0	0	0	0	0	0	0	0	0	0	0	0	0	0	0	0	0	0	0	0	0	0	0	0	0	0
hsa_circ_000294	0	0	0	0	0	0	0	0	0	0	0	0	0	0	0	0	0	0	0	0	0	0	0	0.107803658920866	0	0	0	0	0	0	0	0	0	0	0	0	0	0	0	0	0	0	0	0	0	0	0	0	0	0	0	0	0	0
hsa_circ_000804	0	0	0	0	0	0	0	0	0	0	0	0	0	0	0	0	0	0	0	0	0	0	0	0.107803658920866	0	0	0	0	0	0	0	0	0	0	0	0	0	0	0	0	0	0	0	0	0	0	0	0	0	0	0	0	0	0
hsa_circ_000626	0	0	0	0	0	0	0	0	0	0	0	0	0	0	0	0	0	0	0	0	0	0	0	0.107803658920866	0	0	0	0	0	0	0	0	0	0	0	0	0	0	0	0	0	0	0	0	0	0	0	0	0	0	0	0	0	0
hsa_circ_001984	0	0	0	0	0	0	0	0	0	0	0	0	0	0	0	0	0	0	0	0	0	0	0	0	0.14803272648304	0	0	0	0	0	0	0	0	0	0	0	0	0	0	0	0	0	0	0	0	0	0	0	0	0	0	0	0	0
hsa_circ_001543	0	0	0	0	0	0	0	0	0	0	0	0	0	0	0	0	0	0	0	0	0	0	0	0	0.14803272648304	0	0	0	0	0	0	0	0	0	0	0	0	0	0	0	0	0	0	0	0	0	0	0	0	0	0	0	0	0
hsa_circ_000046	0	0	0	0	0	0	0	0	0	0	0	0	0	0	0	0	0	0	0	0	0	0	0	0	0.14803272648304	0	0	0	0	0	0	0	0	0	0	0	0	0	0.125420251909084	0	0	0	0	0	0	0	0	0	0	0	0	0	0	0
hsa_circ_001101	0	0	0	0	0	0	0	0	0	0	0	0	0	0	0	0	0	0	0	0	0	0	0	0	0.14803272648304	0	0	0	0.0920700693738766	0	0	0.0966035076153994	0	0	0	0	0	0	0	0	0	0	0	0	0	0	0	0	0	0	0	0	0	0
hsa_circ_000901	0	0	0	0	0	0	0	0	0	0	0	0	0	0	0	0	0	0	0	0	0	0	0	0	0.14803272648304	0	0	0	0	0	0	0	0	0	0	0	0	0	0	0	0	0	0	0	0	0	0	0	0	0	0	0	0	0
circRNA#circRNA_865	0	0	0	0	0	0	0	0	0	0	0	0	0	0	0	0	0	0	0	0	0	0	0	0	0	0.51196304036419	0	0	0	0	0	0	0	0	0	0	0	0	0	0	0	0	0	0	0	0	0	0	0	0	0	0	0	0
hsa_circ_001509	0	0	0	0	0	0	0	0	0	0	0	0	0	0	0	0	0	0	0	0	0	0	0	0	0	0.51196304036419	0	0	0	0	0	0	0	0	0	0	0	0	0	0	0	0	0	0	0	0	0	0	0	0	0	0	0	0
circRNA#circRNA_4509	0	0	0	0	0	0	0	0	0	0	0	0	0	0	0	0	0	0	0	0	0	0	0	0	0	0	0.225312000793098	0	0	0	0	0	0	0	0	0	0	0	0	0	0	0	0	0	0	0	0	0	0	0	0	0	0	0
circRNA#circRNA_1507	0	0	0	0	0	0	0	0	0	0	0	0	0	0	0	0	0	0	0	0	0	0	0	0	0	0	0	0.159243630971357	0	0	0	0	0	0	0	0	0	0	0	0	0	0	0	0	0	0	0	0	0	0	0	0	0	0
hsa_circ_000461	0	0	0	0	0	0	0	0	0	0	0	0	0	0	0	0	0	0	0	0	0	0	0	0	0	0	0	0.159243630971357	0	0	0	0	0	0	0	0	0	0	0	0	0	0	0	0	0	0	0	0	0	0.079575208439301	0	0	0	0
hsa_circ_000902	0	0	0	0	0	0	0	0	0	0	0	0	0	0	0	0	0	0	0	0	0	0	0	0	0	0	0	0.159243630971357	0	0	0	0	0	0	0	0	0	0	0	0	0	0	0	0	0	0	0	0	0	0	0	0	0	0
hsa_circ_001666	0	0	0	0	0	0	0	0	0	0	0	0	0	0	0	0	0	0	0	0	0	0	0	0	0	0	0	0	0.184140138747753	0	0	0	0	0	0	0	0	0	0	0	0	0	0	0	0	0	0	0	0	0	0	0	0	0
circRNA#circRNA_1488	0	0	0	0	0	0	0	0	0	0	0	0	0	0	0	0	0	0	0	0	0	0	0	0	0	0	0	0	0	0.18748159165122	0	0	0	0	0	0	0	0	0	0	0	0	0	0	0	0.0759425303382814	0	0	0	0	0	0	0	0
circRNA#circRNA_184	0	0	0	0	0	0	0	0	0	0	0	0	0	0	0	0	0	0	0	0	0	0	0	0	0	0	0	0	0	0.0937407958256099	0	0	0	0	0	0	0	0	0	0	0	0	0	0	0	0	0	0	0	0	0	0	0	0
circRNA#circRNA_785	0	0	0	0	0	0	0	0	0	0	0	0	0	0	0	0	0	0	0	0	0	0	0	0	0	0	0	0	0	0.0937407958256099	0	0	0	0	0	0	0	0	0	0	0	0	0	0	0	0	0	0	0	0	0	0	0	0
hsa_circ_001532	0	0	0	0	0	0	0	0	0	0	0	0	0	0	0	0	0	0	0	0	0	0	0	0	0	0	0	0	0	0	0.109490301841769	0	0	0	0	0	0	0	0	0	0	0	0	0	0	0	0	0	0	0	0	0	0	0
hsa_circ_000946	0	0	0	0	0	0	0	0	0	0	0	0	0	0	0	0	0	0	0	0	0	0	0	0	0	0	0	0	0	0	0.109490301841769	0	0	0	0	0	0	0	0	0	0	0	0	0	0	0	0	0	0	0	0	0	0	0
circRNA#circRNA_6897	0	0	0	0	0	0	0	0	0	0	0	0	0	0	0	0	0	0	0	0	0	0	0	0	0	0	0	0	0	0	0	0.0966035076153994	0	0	0	0	0	0	0	0	0	0	0	0	0	0	0	0	0	0	0	0	0	0
circRNA#circRNA_4207	0	0	0	0	0	0	0	0	0	0	0	0	0	0	0	0	0	0	0	0	0	0	0	0	0	0	0	0	0	0	0	0.0966035076153994	0	0	0	0	0	0	0	0	0	0	0	0	0	0	0	0	0	0	0.162104452976902	0	0	0
hsa_circ_001681	0	0	0	0	0	0	0	0	0	0	0	0	0	0	0	0	0	0	0	0	0	0	0	0	0	0	0	0	0	0	0	0.0966035076153994	0	0	0	0	0	0	0	0	0.078086652133179	0	0	0	0	0	0	0	0	0	0	0.0977701847279647	0	0
hsa_circ_001030	0	0	0	0	0	0	0	0	0	0	0	0	0	0	0	0	0	0	0	0	0	0	0	0	0	0	0	0	0	0	0	0.0966035076153994	0	0	0	0	0	0	0.125420251909084	0	0	0	0	0	0	0	0	0	0	0	0	0	0	0
hsa_circ_000568	0	0	0	0	0	0	0	0	0	0	0	0	0	0	0	0	0	0	0	0	0	0	0	0	0	0	0	0	0	0	0	0.0966035076153994	0	0	0	0	0	0	0	0	0	0	0	0	0	0	0	0	0	0	0	0	0	0
hsa_circ_000465	0	0	0	0	0	0	0	0	0	0	0	0	0	0	0	0	0	0	0	0	0	0	0	0	0	0	0	0	0	0	0	0.0966035076153994	0	0	0.0306776019637592	0	0	0	0	0	0	0	0	0	0	0	0	0	0	0	0	0.0977701847279647	0	0
hsa_circ_001868	0	0	0	0	0	0	0	0	0	0	0	0	0	0	0	0	0	0	0	0	0	0	0	0	0	0	0	0	0	0	0	0.0966035076153994	0	0	0	0	0	0	0	0	0	0	0	0	0	0	0	0	0	0	0	0	0	0
hsa_circ_000353	0	0	0	0	0	0	0	0	0	0	0	0	0	0	0	0	0	0	0	0	0	0	0	0	0	0	0	0	0	0	0	0	0.104325284568079	0	0	0	0	0	0	0	0	0	0	0	0	0	0	0	0	0	0	0	0	0
hsa_circ_002110	0	0	0	0	0	0	0	0	0	0	0	0	0	0	0	0	0	0	0	0	0	0	0	0	0	0	0	0	0	0	0	0	0.104325284568079	0	0	0	0	0	0	0	0	0	0	0	0	0	0	0	0	0	0	0	0	0
hsa_circ_001064	0	0	0	0	0	0	0	0	0	0	0	0	0	0	0	0	0	0	0	0	0	0	0	0	0	0	0	0	0	0	0	0	0.104325284568079	0	0	0	0	0	0	0	0	0	0	0	0	0	0	0	0	0	0	0	0	0
hsa_circ_000923	0	0	0	0	0	0	0	0	0	0	0	0	0	0	0	0	0	0	0	0	0	0	0	0	0	0	0	0	0	0	0	0	0.104325284568079	0	0	0	0	0	0	0	0	0	0	0	0	0	0	0	0	0	0	0	0	0
circRNA#circRNA_2646	0	0	0	0	0	0	0	0	0	0	0	0	0	0	0	0	0	0	0	0	0	0	0	0	0	0	0	0	0	0	0	0	0.104325284568079	0	0	0	0.154734400722176	0	0.125420251909084	0	0	0	0	0	0	0	0	0	0	0	0	0	0	0
hsa_circ_000191	0	0	0	0	0	0	0	0	0	0	0	0	0	0	0	0	0	0	0	0	0	0	0	0	0	0	0	0	0	0	0	0	0.104325284568079	0.0968850018626142	0	0	0	0	0	0	0	0.0710687755994172	0	0	0	0	0	0	0	0	0	0	0	0
hsa_circ_001783	0	0	0	0	0	0	0	0	0	0	0	0	0	0	0	0	0	0	0	0	0	0	0	0	0	0	0	0	0	0	0	0	0	0.193770003725228	0	0	0	0	0	0	0	0	0	0	0	0	0	0	0	0	0.162104452976902	0	0	0
hsa_circ_000910	0	0	0	0	0	0	0	0	0	0	0	0	0	0	0	0	0	0	0	0	0	0	0	0	0	0	0	0	0	0	0	0	0	0.0968850018626142	0	0	0	0	0	0	0	0	0	0	0	0	0	0	0	0	0	0	0	0
hsa_circ_001778	0	0	0	0	0	0	0	0	0	0	0	0	0	0	0	0	0	0	0	0	0	0	0	0	0	0	0	0	0	0	0	0	0	0.0968850018626142	0	0	0	0	0	0	0	0	0	0	0	0	0	0	0	0	0	0	0	0
hsa_circ_001765	0	0	0	0	0	0	0	0	0	0	0	0	0	0	0	0	0	0	0	0	0	0	0	0	0	0	0	0	0	0	0	0	0	0.0968850018626142	0	0	0	0	0	0	0	0	0	0	0	0	0	0	0	0	0	0	0	0
hsa_circ_001787	0	0	0	0	0	0	0	0	0	0	0	0	0	0	0	0	0	0	0	0	0	0	0	0	0	0	0	0	0	0	0	0	0	0.0968850018626142	0	0	0	0	0	0	0	0	0	0	0	0	0	0	0	0	0	0	0	0
hsa_circ_000202	0	0	0	0	0	0	0	0	0	0	0	0	0	0	0	0	0	0	0	0	0	0	0	0	0	0	0	0	0	0	0	0	0	0.0968850018626142	0	0	0	0	0	0	0	0	0	0	0	0	0	0	0	0	0	0	0	0
hsa_circ_001422	0	0	0	0	0	0	0	0	0	0	0	0	0	0	0	0	0	0	0	0	0	0	0	0	0	0	0	0	0	0	0	0	0	0.0968850018626142	0	0	0	0	0	0	0	0	0	0	0	0	0	0	0	0	0	0	0	0
hsa_circ_002092	0	0	0	0	0	0	0	0	0	0	0	0	0	0	0	0	0	0	0	0	0	0	0	0	0	0	0	0	0	0	0	0	0	0	0.122710407855037	0	0	0	0	0	0	0	0	0	0	0	0	0	0	0	0	0	0	0
hsa_circ_002014	0	0	0	0	0	0	0	0	0	0	0	0	0	0	0	0	0	0	0	0	0	0	0	0	0	0	0	0	0	0	0	0	0	0	0.0306776019637592	0	0	0	0	0	0	0	0	0	0	0	0	0	0	0	0	0	0	0
hsa_circ_001819	0	0	0	0	0	0	0	0	0	0	0	0	0	0	0	0	0	0	0	0	0	0	0	0	0	0	0	0	0	0	0	0	0	0	0.0306776019637592	0	0	0	0	0	0	0	0	0	0	0	0	0	0	0	0	0	0	0
hsa_circ_000759	0	0	0	0	0	0	0	0	0	0	0	0	0	0	0	0	0	0	0	0	0	0	0	0	0	0	0	0	0	0	0	0	0	0	0.0306776019637592	0	0	0	0	0	0	0	0	0	0	0	0	0	0	0	0	0	0	0
hsa_circ_000228	0	0	0	0	0	0	0	0	0	0	0	0	0	0	0	0	0	0	0	0	0	0	0	0	0	0	0	0	0	0	0	0	0	0	0	0.0934352138447068	0	0	0	0	0	0	0	0	0	0	0	0	0	0	0	0	0	0
hsa_circ_001346	0	0	0	0	0	0	0	0	0	0	0	0	0	0	0	0	0	0	0	0	0	0	0	0	0	0	0	0	0	0	0	0	0	0	0	0.0934352138447068	0	0	0	0	0	0	0	0	0	0	0	0	0	0	0	0	0	0
hsa_circ_002115	0	0	0	0	0	0	0	0	0	0	0	0	0	0	0	0	0	0	0	0	0	0	0	0	0	0	0	0	0	0	0	0	0	0	0	0.0934352138447068	0	0	0	0	0	0	0	0	0	0	0	0	0	0	0	0	0	0
hsa_circ_001871	0	0	0	0	0	0	0	0	0	0	0	0	0	0	0	0	0	0	0	0	0	0	0	0	0	0	0	0	0	0	0	0	0	0	0	0.0934352138447068	0	0	0	0	0	0	0	0	0	0	0	0	0	0	0	0	0	0
hsa_circ_000519	0	0	0	0	0	0	0	0	0	0	0	0	0	0	0	0	0	0	0	0	0	0	0	0	0	0	0	0	0	0	0	0	0	0	0	0.0934352138447068	0	0	0	0	0	0	0	0	0	0	0	0	0	0	0	0	0	0
circRNA#circRNA_1632	0	0	0	0	0	0	0	0	0	0	0	0	0	0	0	0	0	0	0	0	0	0	0	0	0	0	0	0	0	0	0	0	0	0	0	0.0934352138447068	0	0	0	0	0	0	0	0	0	0	0	0	0	0	0	0	0	0
circRNA#circRNA_1116	0	0	0	0	0	0	0	0	0	0	0	0	0	0	0	0	0	0	0	0	0	0	0	0	0	0	0	0	0	0	0	0	0	0	0	0.0934352138447068	0	0	0	0	0	0	0	0	0	0	0	0	0	0	0	0	0	0
hsa_circ_000548	0	0	0	0	0	0	0	0	0	0	0	0	0	0	0	0	0	0	0	0	0	0	0	0	0	0	0	0	0	0	0	0	0	0	0	0.0934352138447068	0	0	0	0	0	0	0	0	0	0	0	0	0	0	0	0	0	0
hsa_circ_001668	0	0	0	0	0	0	0	0	0	0	0	0	0	0	0	0	0	0	0	0	0	0	0	0	0	0	0	0	0	0	0	0	0	0	0	0	0.309468801444353	0	0	0	0	0	0	0	0	0	0	0	0	0	0	0	0	0
hsa_circ_001201	0	0	0	0	0	0	0	0	0	0	0	0	0	0	0	0	0	0	0	0	0	0	0	0	0	0	0	0	0	0	0	0	0	0	0	0	0.154734400722176	0	0	0	0	0	0	0	0	0	0	0	0	0	0	0	0	0
hsa_circ_001762	0	0	0	0	0	0	0	0	0	0	0	0	0	0	0	0	0	0	0	0	0	0	0	0	0	0	0	0	0	0	0	0	0	0	0	0	0.154734400722176	0	0	0	0	0	0	0	0	0	0	0	0	0	0	0	0	0
hsa_circ_001047	0	0	0	0	0	0	0	0	0	0	0	0	0	0	0	0	0	0	0	0	0	0	0	0	0	0	0	0	0	0	0	0	0	0	0	0	0	0.311534826166682	0	0	0	0.0710687755994172	0.0916873750243774	0	0	0	0	0	0	0	0	0	0	0
hsa_circ_001985	0	0	0	0	0	0	0	0	0	0	0	0	0	0	0	0	0	0	0	0	0	0	0	0	0	0	0	0	0	0	0	0	0	0	0	0	0	0.155767413083341	0	0	0	0	0	0	0	0	0	0	0	0	0	0	0	0
hsa_circ_000592	0	0	0	0	0	0	0	0	0	0	0	0	0	0	0	0	0	0	0	0	0	0	0	0	0	0	0	0	0	0	0	0	0	0	0	0	0	0.155767413083341	0	0	0	0	0	0	0	0	0	0	0	0	0	0	0	0
hsa_circ_001407	0	0	0	0	0	0	0	0	0	0	0	0	0	0	0	0	0	0	0	0	0	0	0	0	0	0	0	0	0	0	0	0	0	0	0	0	0	0.155767413083341	0	0	0	0	0	0	0	0	0	0	0	0	0	0	0	0
hsa_circ_001659	0	0	0	0	0	0	0	0	0	0	0	0	0	0	0	0	0	0	0	0	0	0	0	0	0	0	0	0	0	0	0	0	0	0	0	0	0	0.155767413083341	0	0	0	0	0	0	0	0	0	0	0	0	0	0	0	0
circRNA#circRNA_3744	0	0	0	0	0	0	0	0	0	0	0	0	0	0	0	0	0	0	0	0	0	0	0	0	0	0	0	0	0	0	0	0	0	0	0	0	0	0	0.250840503818169	0	0	0	0	0	0	0	0	0	0	0	0	0	0	0
circRNA#circRNA_3069	0	0	0	0	0	0	0	0	0	0	0	0	0	0	0	0	0	0	0	0	0	0	0	0	0	0	0	0	0	0	0	0	0	0	0	0	0	0	0.125420251909084	0	0	0	0	0	0	0	0	0	0	0	0	0	0	0
hsa_circ_001166	0	0	0	0	0	0	0	0	0	0	0	0	0	0	0	0	0	0	0	0	0	0	0	0	0	0	0	0	0	0	0	0	0	0	0	0	0	0	0.125420251909084	0	0	0	0	0	0	0	0	0	0	0	0	0	0	0
hsa_circ_001241	0	0	0	0	0	0	0	0	0	0	0	0	0	0	0	0	0	0	0	0	0	0	0	0	0	0	0	0	0	0	0	0	0	0	0	0	0	0	0.125420251909084	0	0	0	0	0.117836678834482	0	0	0	0	0	0	0	0	0	0
hsa_circ_001795	0	0	0	0	0	0	0	0	0	0	0	0	0	0	0	0	0	0	0	0	0	0	0	0	0	0	0	0	0	0	0	0	0	0	0	0	0	0	0.125420251909084	0	0	0	0	0	0	0	0	0	0	0	0	0	0	0
hsa_circ_001002	0	0	0	0	0	0	0	0	0	0	0	0	0	0	0	0	0	0	0	0	0	0	0	0	0	0	0	0	0	0	0	0	0	0	0	0	0	0	0.125420251909084	0	0	0	0	0	0	0	0	0	0	0	0	0	0	0
hsa_circ_000936	0	0	0	0	0	0	0	0	0	0	0	0	0	0	0	0	0	0	0	0	0	0	0	0	0	0	0	0	0	0	0	0	0	0	0	0	0	0	0	0.326777629457043	0	0	0	0	0	0	0	0	0	0	0	0	0	0
circRNA#circRNA_5437	0	0	0	0	0	0	0	0	0	0	0	0	0	0	0	0	0	0	0	0	0	0	0	0	0	0	0	0	0	0	0	0	0	0	0	0	0	0	0	0	0.156173304266358	0	0	0	0	0	0	0	0	0	0	0	0	0
hsa_circ_001946	0	0	0	0	0	0	0	0	0	0	0	0	0	0	0	0	0	0	0	0	0	0	0	0	0	0	0	0	0	0	0	0	0	0	0	0	0	0	0	0	0.156173304266358	0	0	0	0	0	0	0	0	0	0	0	0	0
hsa_circ_001386	0	0	0	0	0	0	0	0	0	0	0	0	0	0	0	0	0	0	0	0	0	0	0	0	0	0	0	0	0	0	0	0	0	0	0	0	0	0	0	0	0.078086652133179	0	0	0	0	0	0	0	0	0	0	0	0	0
hsa_circ_001095	0	0	0	0	0	0	0	0	0	0	0	0	0	0	0	0	0	0	0	0	0	0	0	0	0	0	0	0	0	0	0	0	0	0	0	0	0	0	0	0	0.078086652133179	0	0	0	0	0	0	0	0	0	0	0	0	0
hsa_circ_000832	0	0	0	0	0	0	0	0	0	0	0	0	0	0	0	0	0	0	0	0	0	0	0	0	0	0	0	0	0	0	0	0	0	0	0	0	0	0	0	0	0.078086652133179	0	0	0	0	0	0	0	0	0	0	0	0	0
hsa_circ_000024*	0	0	0	0	0	0	0	0	0	0	0	0	0	0	0	0	0	0	0	0	0	0	0	0	0	0	0	0	0	0	0	0	0	0	0	0	0	0	0	0	0.078086652133179	0	0	0	0	0	0	0	0	0	0	0	0	0
hsa_circ_001521	0	0	0	0	0	0	0	0	0	0	0	0	0	0	0	0	0	0	0	0	0	0	0	0	0	0	0	0	0	0	0	0	0	0	0	0	0	0	0	0	0.078086652133179	0	0	0	0	0	0	0	0	0	0	0	0	0
circRNA#circRNA_376	0	0	0	0	0	0	0	0	0	0	0	0	0	0	0	0	0	0	0	0	0	0	0	0	0	0	0	0	0	0	0	0	0	0	0	0	0	0	0	0	0.078086652133179	0	0	0	0	0	0	0	0	0	0	0	0	0
circRNA#circRNA_3037	0	0	0	0	0	0	0	0	0	0	0	0	0	0	0	0	0	0	0	0	0	0	0	0	0	0	0	0	0	0	0	0	0	0	0	0	0	0	0	0	0	0.0710687755994172	0	0	0	0	0	0	0	0	0	0	0	0
hsa_circ_002032	0	0	0	0	0	0	0	0	0	0	0	0	0	0	0	0	0	0	0	0	0	0	0	0	0	0	0	0	0	0	0	0	0	0	0	0	0	0	0	0	0	0.0710687755994172	0	0	0	0	0	0	0	0	0	0	0	0
hsa_circ_000360	0	0	0	0	0	0	0	0	0	0	0	0	0	0	0	0	0	0	0	0	0	0	0	0	0	0	0	0	0	0	0	0	0	0	0	0	0	0	0	0	0	0.0710687755994172	0	0	0	0	0	0	0	0	0	0	0	0
hsa_circ_000448	0	0	0	0	0	0	0	0	0	0	0	0	0	0	0	0	0	0	0	0	0	0	0	0	0	0	0	0	0	0	0	0	0	0	0	0	0	0	0	0	0	0	0.183374750048755	0	0	0	0	0	0	0	0	0	0	0
hsa_circ_002172	0	0	0	0	0	0	0	0	0	0	0	0	0	0	0	0	0	0	0	0	0	0	0	0	0	0	0	0	0	0	0	0	0	0	0	0	0	0	0	0	0	0	0.183374750048755	0	0	0	0	0	0	0	0	0	0	0
hsa_circ_002001	0	0	0	0	0	0	0	0	0	0	0	0	0	0	0	0	0	0	0	0	0	0	0	0	0	0	0	0	0	0	0	0	0	0	0	0	0	0	0	0	0	0	0.0916873750243774	0	0	0	0	0	0	0	0	0	0	0
circRNA#circRNA_908	0	0	0	0	0	0	0	0	0	0	0	0	0	0	0	0	0	0	0	0	0	0	0	0	0	0	0	0	0	0	0	0	0	0	0	0	0	0	0	0	0	0	0.0916873750243774	0	0	0	0	0	0	0	0	0	0	0
circRNA#circRNA_1798	0	0	0	0	0	0	0	0	0	0	0	0	0	0	0	0	0	0	0	0	0	0	0	0	0	0	0	0	0	0	0	0	0	0	0	0	0	0	0	0	0	0	0.0916873750243774	0	0	0	0	0	0	0	0	0	0	0
circRNA#circRNA_6254	0	0	0	0	0	0	0	0	0	0	0	0	0	0	0	0	0	0	0	0	0	0	0	0	0	0	0	0	0	0	0	0	0	0	0	0	0	0	0	0	0	0	0	0.117836678834482	0	0	0	0	0	0	0	0	0	0
hsa_circ_001809	0	0	0	0	0	0	0	0	0	0	0	0	0	0	0	0	0	0	0	0	0	0	0	0	0	0	0	0	0	0	0	0	0	0	0	0	0	0	0	0	0	0	0	0.117836678834482	0	0	0	0	0	0	0	0	0	0
hsa_circ_001165	0	0	0	0	0	0	0	0	0	0	0	0	0	0	0	0	0	0	0	0	0	0	0	0	0	0	0	0	0	0	0	0	0	0	0	0	0	0	0	0	0	0	0	0.117836678834482	0	0	0	0	0	0	0	0	0	0
hsa_circ_001184	0	0	0	0	0	0	0	0	0	0	0	0	0	0	0	0	0	0	0	0	0	0	0	0	0	0	0	0	0	0	0	0	0	0	0	0	0	0	0	0	0	0	0	0.117836678834482	0	0	0	0	0	0	0	0	0	0
hsa_circ_001062	0	0	0	0	0	0	0	0	0	0	0	0	0	0	0	0	0	0	0	0	0	0	0	0	0	0	0	0	0	0	0	0	0	0	0	0	0	0	0	0	0	0	0	0.117836678834482	0	0	0	0	0	0	0	0	0	0
circRNA#circRNA_907	0	0	0	0	0	0	0	0	0	0	0	0	0	0	0	0	0	0	0	0	0	0	0	0	0	0	0	0	0	0	0	0	0	0	0	0	0	0	0	0	0	0	0	0.117836678834482	0	0	0	0	0	0	0	0	0	0
hsa_circ_000646	0	0	0	0	0	0	0	0	0	0	0	0	0	0	0	0	0	0	0	0	0	0	0	0	0	0	0	0	0	0	0	0	0	0	0	0	0	0	0	0	0	0	0	0	0.0834742378468188	0	0	0	0	0	0	0	0	0
hsa_circ_000881	0	0	0	0	0	0	0	0	0	0	0	0	0	0	0	0	0	0	0	0	0	0	0	0	0	0	0	0	0	0	0	0	0	0	0	0	0	0	0	0	0	0	0	0	0.0834742378468188	0	0	0	0	0	0	0	0	0
circRNA#circRNA_4710	0	0	0	0	0	0	0	0	0	0	0	0	0	0	0	0	0	0	0	0	0	0	0	0	0	0	0	0	0	0	0	0	0	0	0	0	0	0	0	0	0	0	0	0	0.0834742378468188	0	0	0	0	0	0	0	0	0
hsa_circ_000844	0	0	0	0	0	0	0	0	0	0	0	0	0	0	0	0	0	0	0	0	0	0	0	0	0	0	0	0	0	0	0	0	0	0	0	0	0	0	0	0	0	0	0	0	0	0.0759425303382814	0	0	0	0	0	0	0	0
hsa_circ_000702	0	0	0	0	0	0	0	0	0	0	0	0	0	0	0	0	0	0	0	0	0	0	0	0	0	0	0	0	0	0	0	0	0	0	0	0	0	0	0	0	0	0	0	0	0	0.0759425303382814	0	0	0	0	0	0	0	0
hsa_circ_000764	0	0	0	0	0	0	0	0	0	0	0	0	0	0	0	0	0	0	0	0	0	0	0	0	0	0	0	0	0	0	0	0	0	0	0	0	0	0	0	0	0	0	0	0	0	0	0.140395389920818	0	0	0.079575208439301	0	0	0	0
hsa_circ_000963	0	0	0	0	0	0	0	0	0	0	0	0	0	0	0	0	0	0	0	0	0	0	0	0	0	0	0	0	0	0	0	0	0	0	0	0	0	0	0	0	0	0	0	0	0	0	0.0701976949604092	0	0	0	0	0	0	0
hsa_circ_001997	0	0	0	0	0	0	0	0	0	0	0	0	0	0	0	0	0	0	0	0	0	0	0	0	0	0	0	0	0	0	0	0	0	0	0	0	0	0	0	0	0	0	0	0	0	0	0.0701976949604092	0	0	0	0	0	0	0
hsa_circ_001247	0	0	0	0	0	0	0	0	0	0	0	0	0	0	0	0	0	0	0	0	0	0	0	0	0	0	0	0	0	0	0	0	0	0	0	0	0	0	0	0	0	0	0	0	0	0	0.0701976949604092	0	0	0	0	0	0	0
hsa_circ_000794	0	0	0	0	0	0	0	0	0	0	0	0	0	0	0	0	0	0	0	0	0	0	0	0	0	0	0	0	0	0	0	0	0	0	0	0	0	0	0	0	0	0	0	0	0	0	0.0701976949604092	0	0	0	0	0	0	0
hsa_circ_001872	0	0	0	0	0	0	0	0	0	0	0	0	0	0	0	0	0	0	0	0	0	0	0	0	0	0	0	0	0	0	0	0	0	0	0	0	0	0	0	0	0	0	0	0	0	0	0.0701976949604092	0	0	0	0	0	0	0
hsa_circ_002065	0	0	0	0	0	0	0	0	0	0	0	0	0	0	0	0	0	0	0	0	0	0	0	0	0	0	0	0	0	0	0	0	0	0	0	0	0	0	0	0	0	0	0	0	0	0	0.0701976949604092	0	0	0	0	0	0	0
hsa_circ_000513	0	0	0	0	0	0	0	0	0	0	0	0	0	0	0	0	0	0	0	0	0	0	0	0	0	0	0	0	0	0	0	0	0	0	0	0	0	0	0	0	0	0	0	0	0	0	0	0	0.117327830501646	0.079575208439301	0	0	0	0
hsa_circ_001671	0	0	0	0	0	0	0	0	0	0	0	0	0	0	0	0	0	0	0	0	0	0	0	0	0	0	0	0	0	0	0	0	0	0	0	0	0	0	0	0	0	0	0	0	0	0	0	0	0	0.079575208439301	0	0	0	0.134804354396334
hsa_circ_000681	0	0	0	0	0	0	0	0	0	0	0	0	0	0	0	0	0	0	0	0	0	0	0	0	0	0	0	0	0	0	0	0	0	0	0	0	0	0	0	0	0	0	0	0	0	0	0	0	0	0.079575208439301	0	0	0	0
hsa_circ_001451	0	0	0	0	0	0	0	0	0	0	0	0	0	0	0	0	0	0	0	0	0	0	0	0	0	0	0	0	0	0	0	0	0	0	0	0	0	0	0	0	0	0	0	0	0	0	0	0	0	0.079575208439301	0	0	0	0
hsa_circ_001083	0	0	0	0	0	0	0	0	0	0	0	0	0	0	0	0	0	0	0	0	0	0	0	0	0	0	0	0	0	0	0	0	0	0	0	0	0	0	0	0	0	0	0	0	0	0	0	0	0	0.079575208439301	0	0	0	0
hsa_circ_001688	0	0	0	0	0	0	0	0	0	0	0	0	0	0	0	0	0	0	0	0	0	0	0	0	0	0	0	0	0	0	0	0	0	0	0	0	0	0	0	0	0	0	0	0	0	0	0	0	0	0.079575208439301	0	0	0	0
hsa_circ_001554	0	0	0	0	0	0	0	0	0	0	0	0	0	0	0	0	0	0	0	0	0	0	0	0	0	0	0	0	0	0	0	0	0	0	0	0	0	0	0	0	0	0	0	0	0	0	0	0	0	0.079575208439301	0	0	0	0
hsa_circ_001552	0	0	0	0	0	0	0	0	0	0	0	0	0	0	0	0	0	0	0	0	0	0	0	0	0	0	0	0	0	0	0	0	0	0	0	0	0	0	0	0	0	0	0	0	0	0	0	0	0	0.079575208439301	0	0	0	0
hsa_circ_001969	0	0	0	0	0	0	0	0	0	0	0	0	0	0	0	0	0	0	0	0	0	0	0	0	0	0	0	0	0	0	0	0	0	0	0	0	0	0	0	0	0	0	0	0	0	0	0	0	0	0.079575208439301	0	0	0	0
hsa_circ_002031	0	0	0	0	0	0	0	0	0	0	0	0	0	0	0	0	0	0	0	0	0	0	0	0	0	0	0	0	0	0	0	0	0	0	0	0	0	0	0	0	0	0	0	0	0	0	0	0	0	0	0	0.293310554183894	0	0
hsa_circ_001009	0	0	0	0	0	0	0	0	0	0	0	0	0	0	0	0	0	0	0	0	0	0	0	0	0	0	0	0	0	0	0	0	0	0	0	0	0	0	0	0	0	0	0	0	0	0	0	0	0	0	0	0.0977701847279647	0	0
hsa_circ_002070	0	0	0	0	0	0	0	0	0	0	0	0	0	0	0	0	0	0	0	0	0	0	0	0	0	0	0	0	0	0	0	0	0	0	0	0	0	0	0	0	0	0	0	0	0	0	0	0	0	0	0	0	0.137137415530209	0
hsa_circ_000994	0	0	0	0	0	0	0	0	0	0	0	0	0	0	0	0	0	0	0	0	0	0	0	0	0	0	0	0	0	0	0	0	0	0	0	0	0	0	0	0	0	0	0	0	0	0	0	0	0	0	0	0	0.137137415530209	0
hsa_circ_002012	0	0	0	0	0	0	0	0	0	0	0	0	0	0	0	0	0	0	0	0	0	0	0	0	0	0	0	0	0	0	0	0	0	0	0	0	0	0	0	0	0	0	0	0	0	0	0	0	0	0	0	0	0.137137415530209	0
hsa_circ_001959	0	0	0	0	0	0	0	0	0	0	0	0	0	0	0	0	0	0	0	0	0	0	0	0	0	0	0	0	0	0	0	0	0	0	0	0	0	0	0	0	0	0	0	0	0	0	0	0	0	0	0	0	0	0.134804354396334
