	random_trimmed_F1_S1_R1_001.fastq	random_trimmed_F2_S2_R1_001.fastq	random_trimmed_F3_S3_R1_001.fastq	random_trimmed_F4_S4_R1_001.fastq	random_trimmed_M1_S5_R1_001.fastq	random_trimmed_M2_S6_R1_001.fastq	random_trimmed_M4_S7_R1_001.fastq
Gly	5200317.95378532	26757.5098957844	6668553.65865111	606991.713700191	2086748.50616416	1001628.26355858	194938.363334136
Glu	521054.6381847	3658.09511032054	626675.478222985	76970.9999750207	109987.319232685	109291.014219204	38505.7830639089
Lys	58879.9999999999	856.583333333333	60124.6666666666	9836.00000000001	15493.9166666666	6149.66666666666	5338
Asp	30687.9999999999	632.000000000001	8507.99999999997	8363.99999999999	9518.99999999999	3988	5228.99999999999
Val	23792.2383107089	426.384615384615	21328.2208791209	6100.95787545788	9258.07692307692	4999.81318681319	3248.55044955045
His	5862	689	7841.99999999998	5494.99999999999	5421	3246	2840
Gln	1969	556	2253.125	3134	2896	1607.125	4175
Leu	1254.125	194	1015	1170	1402	475	1158
SeC	1236	41.125	1737	913	663	438	695
Ala	1051.11721611722	82.4807692307692	437.698717948718	894.06043956044	597.703296703297	158.123626373626	876.084165834166
Cys	678.03663003663	11.1346153846154	2503.56135531136	356.680819180819	522.21978021978	313.491758241758	150.845904095904
Ser	621.741666666667	99.5333333333333	492.1625	1037.28181818182	754.936363636364	413.1	1127.69090909091
Met	469	64	333	317	295	119	355
Asn	463	133	279	1103	613	335	596
Arg	443	77.875	730.875	344	411	115.875	508
Thr	292.1	27	259.7	239.011111111111	295.8	73	279.7
iMet	288.9	76	194.3	412.988888888889	471.2	227	378.3
Pro	170	26	280	132	104	61	165
Ile	140.133333333333	33.4666666666667	160.8375	255.9	312.063636363636	67.9	231.4
Trp	100	5	78	73	35	22	33
Tyr	92	14	94.6666666666667	129	195	33	60
Und	72.015873015873	1.08730158730159	58.9206349206349	11.1746031746032	8.17460317460318	9.29365079365079	4.02063492063492
Phe	41	7.30769230769231	52.4615384615385	84.2307692307692	114	33	76.2615384615385
tRNA	21	9	13	18	127	61	68
Sup	0	0.416666666666667	0.666666666666667	0	0.0833333333333333	0.333333333333333	0
