	random_trimmed_F1_S1_R1_001.fastq	random_trimmed_F2_S2_R1_001.fastq	random_trimmed_F3_S3_R1_001.fastq	random_trimmed_F4_S4_R1_001.fastq	random_trimmed_M1_S5_R1_001.fastq	random_trimmed_M2_S6_R1_001.fastq	random_trimmed_M4_S7_R1_001.fastq
hsa-let-7a-5p	1162701.16666667	426409.166666667	1234184.66666667	2408834.66666667	2445077.33333333	1324621	2003352.33333333
hsa-miR-26a-5p	916328	358444	1732850	1637070	1922586	1043705	1547720
hsa-miR-143-3p	596570	82657	349149	1185716	1627635	156630	391004
hsa-miR-451a	591061	342	3655	11169	158594	13647	11662
hsa-miR-21-5p	514934	116598	519987	584924	379388	207631	359324
hsa-let-7f-5p	490784	166076.5	631891	978020.5	1123294.5	551088.5	744632
hsa-let-7b-5p	417990.233333333	133567.666666667	377400.4	828694.233333333	782503.866666667	386339.533333333	735094.333333333
hsa-miR-125b-5p	267033	23503	137675	267222	255226	107308	183507
hsa-let-7g-5p	265762.5	58993	317497	427830	436467.5	186709.5	273188
hsa-let-7c-5p	235232.566666667	60196.6666666667	156417.316666667	343477.066666667	345515.45	204525.283333333	359717.666666667
hsa-miR-125a-5p	211271	31235	98025	301118	202798	126436	215182
hsa-miR-199a-3p|hsa-miR-199b-3p	173387	15432	71825	119675	116358	29008	62877
hsa-miR-10a-5p	160245	28043.5	74164	139790	103507	43483	114678
hsa-miR-100-5p	159802.5	18324	120256.5	122304	148273	63776.5	109907.5
hsa-miR-26b-5p	150766	52579.5	240483	239381.5	267595	141134.5	217070
hsa-miR-30d-5p	138467.5	32726.5	187216.5	209397.5	223392.5	129773.5	195021.5
hsa-let-7i-5p	123042	32089	117719.5	188473	214279.5	78516	130454.5
hsa-miR-27b-3p	120332	98622.5	308215.5	355818.5	474209.5	274296	447806.5
hsa-miR-30a-5p	115865.5	26846.5	141872.5	160011.5	221820.5	101874.5	161987.5
hsa-miR-99a-5p	110229	15566.5	70183	112065	134396	45084.5	79258
hsa-miR-23a-3p	88319.6666666667	18484	79586.6666666667	136344	132888	49444.8333333333	120825
hsa-miR-146b-5p	82591	5355	25672.5	52118	36656	9199	21187
hsa-miR-16-5p	81485	15596.5	74331	88462	116796	40593	55534
hsa-miR-10b-5p	79849.5	18779	50102.5	147248	93139	36643	76210.5
hsa-miR-23b-3p	69798	35501.5	124621.5	200774.5	202159	139560	276497
hsa-miR-30c-5p	68382.5	13457	69915	109465	118029.5	69656	111357
hsa-miR-140-3p	67921	8438	83173	64916	78927	21429	40699
hsa-miR-486-5p	62295	76	805	1803	14811	1564	2298
hsa-miR-126-3p	61651	15350	58315	123699	132044	35414	49420
hsa-miR-191-5p	61602	10893	43756	86611	77575	41082	72102
hsa-miR-24-3p	60363	43333	117474	179565	247635	109559	168896
hsa-miR-92a-3p	58723.5	5630	26132	47483.5	48665.5	21463	38306
hsa-miR-29a-3p	49773	11563	81053.5	64943.5	91404	27743.5	43363
hsa-miR-320a	47251.5833333333	5635.16666666667	20248.2	38153.5333333333	41432.1666666667	15482.5	59849.9166666667
hsa-miR-99b-5p	40094	4228	21112	43728	42989	22019	37782
hsa-miR-335-5p	35885	8273	23569	58822	43394	14172	20968
hsa-let-7e-5p	34999.5	14736	27682.5	87446.5	63827.5	43479.5	99141
hsa-let-7d-5p	34226	11778	47015	73174	72294.5	39796.5	69064
hsa-miR-181a-5p	32870	8225	29873	41237	60306	25222	42078
hsa-miR-25-3p	32714	4093	17080	26304.5	31476.5	11892	19422
hsa-miR-101-3p	30470	8030	44651	35137	43078	13990	26386
hsa-miR-151a-5p|hsa-miR-151b	28983.5	6888.5	33764.5	53579.5	42295.5	17764.1666666667	41294
hsa-miR-151a-3p	27771	6883	30192	38894	43265	17784	31964
hsa-miR-103a-3p	27452.5	12557.5	55494	77442	56261.5	36182	81949.5
hsa-miR-27a-3p	24878	9809.5	41568	42626.5	63220.5	21636.5	33503.5
hsa-miR-22-3p	23586	5189	15240	39479	45370	9996	16107
hsa-miR-148a-3p	23527	2988	12978	22787	18809	4369	7823
hsa-miR-186-5p	22914	3932	28958	26505	32805	11437	20849
hsa-miR-152-3p	22320	3097	13245	19004	19273	7550	14648
hsa-miR-196a-5p	21454	3037	5494	15985	13876	4522	4399
hsa-miR-98-5p	17199.8333333333	10447	30633.5	54508.1666666667	50356.3333333333	35307.5	48341
hsa-miR-1-3p	16767	6426	22905	107122	153817	29161	31996
hsa-miR-30e-5p	16537	4439	27877	25823	34427	11820	15077
hsa-miR-195-5p	16482	4054	11880	13587	19659	5201	9194
hsa-miR-30b-5p	15937	2961	27730.3333333333	20846.3333333333	28730	15350.8333333333	17850.5
hsa-miR-574-3p	15168	1451	7487	16554	15350	6991	10233
hsa-miR-214-3p	14218	680	3607	10043	6972	2012	5234
hsa-miR-423-3p	13760	1927	9528	16573	12845	4953	13699
hsa-miR-199a-5p	13154	1193.5	5614	10805	11125.5	2203.5	4864
hsa-miR-423-5p	12840	1884	4580	16823	14913	5194	16158
hsa-miR-145-5p	12323	785	4879	14666	19835	3003	8876
hsa-miR-28-3p	12316	1434	10144	12875	14421	4288	9918
hsa-miR-374a-5p	11686	2874	13130.5	11967.5	20789.5	7073	6595.5
hsa-miR-338-5p	11147	7322	36703	30807	79750	40465	59386
hsa-miR-204-5p	10261	4306	9323	19537	30331	25580	29134
hsa-miR-145-3p	10093	1267	4643	14447	17011	2575	6535
hsa-miR-221-3p	10079	2300	7872	14440	14333	5972	12557
hsa-miR-374b-5p	9638.5	2085.5	8649	10129.5	14878	6946	10461
hsa-miR-146a-5p	9061	4751	27401.5	28276	32292	18224	21399
hsa-miR-93-5p	8922	904	5042	6872	6654	2868	5227
hsa-miR-9-5p	8619	10799	70522	71544	63844	59002	95553
hsa-miR-361-5p	8616	2120	8057	13468	9349	5057	9161
hsa-miR-28-5p	8029	1530	8889	13007	13270	3640	7575.33333333333
hsa-miR-92b-3p	7819.5	1000	2922	7191	4670	4306	9442
hsa-miR-223-3p	7611	810	7997	6879	7869	3576	4971
hsa-miR-222-3p	6930	1820	4468	11567	10083	3950	8179
hsa-miR-335-3p	6664	1565	3012	18603	10218	2260	3123
hsa-miR-126-5p	6550	1106	5162	9163	8859	2613	4024
hsa-miR-224-5p	6338	363	1637	9474	6212	638	2187
hsa-miR-128-3p	6314	2896	7075	14049	10286	8167	17645
hsa-miR-182-5p	6292	20256	67711.5	138033	65537	70927	149884
hsa-miR-361-3p	6087	977	5640	7685	6900	3477	5250
hsa-let-7d-3p	5752	653	2794	6354	5603	3222	6265
hsa-miR-15b-5p	5494	472	2249	3181	3831	1394	2399
hsa-miR-181b-5p	5408	1476.5	5861.5	8533	12115	5224	8648.5
hsa-miR-378a-3p	5285	389.166666666667	2406.83333333333	5734.33333333333	6238.5	1148.5	3515.83333333333
hsa-miR-218-5p	5196	1765.5	6810	7503	12020	4059.5	6513
hsa-miR-148b-3p	5010	1059	4098	6850	6715	3655	6447
hsa-miR-30e-3p	4972.5	813.5	7146.5	7036	8553.5	3213.5	4189
hsa-miR-574-5p	4882	1647	3657	7950	8690	3804	9777
hsa-miR-16-2-3p	4595	158	666	1025	1811	577	762
hsa-miR-144-5p	4362	4	58	125	2253	120	86
hsa-miR-125b-2-3p	4328	448	2294	3324	3523	1343	2535
hsa-miR-193a-5p	4273	520	1987	7898	4941	1526	4891
hsa-miR-155-5p	4192	1266	10581	9088	6832	3141	7335
hsa-miR-30a-3p	3911.5	1092.5	5516.5	6215	8596.5	4808.5	6842.5
hsa-miR-197-3p	3695	100	1290	1884	1810	836	1181
hsa-miR-425-5p	3625	436	1714	3200	3174	1265	2902
hsa-miR-183-5p	3553	33619	110875.5	251292.5	103718	124209	249490
hsa-miR-199b-5p	3547	551.5	3524	4445	6417.5	1178.5	3239
hsa-miR-340-5p	3463	1124	8079	5599	8577	3567	4698
hsa-miR-342-3p	3444	554	3192	6074	3930	2589	3656
hsa-miR-652-3p	2932	633	2536	6852	4723	1733	4072
hsa-miR-185-5p	2892.5	413	2102	2736	2583	1501	3657
hsa-miR-196b-5p	2786	663	1787	3751	3565	1293	1716
hsa-miR-29b-3p	2631.5	811.5	5274	3849	5816	2370.5	2641.5
hsa-miR-363-3p	2546	338	2227	1635	4853	1369	2113
hsa-miR-379-5p	2515	4905	13799	25654	18099	13262	23172
hsa-miR-150-5p	2417	243	3289	3801	3114	1567	1691
hsa-miR-127-3p	2406	1908	7229	11164	7195	5707	17465
hsa-miR-493-5p	2377	3896	11184	22230	10838	13146	25920
hsa-miR-484	2226	236	908	1488	1755	515	1377
hsa-miR-95-3p	2127	653	2044	4455	3690	1103	2749
hsa-miR-532-5p	2114	510	2801	3726	2896	1896	3646
hsa-miR-139-5p	2064	683	1959	5495	3709	2215	4638
hsa-miR-10a-3p	2052	373	1288	1774	1223	663	1218
hsa-miR-106b-3p	2013	153	872	1238.5	1429	565	1052
hsa-miR-338-3p	2008	1871	11563	5663	25572	7882	7064
hsa-miR-365a-3p|hsa-miR-365b-3p	2000	65	491	1781	1871	409	913
hsa-miR-487b-3p	1999	2749	9332	16812	9271	9921	20456
hsa-let-7a-3p	1991	178	1159	1353	1834	702	1068.5
hsa-miR-339-5p	1958	168	2269	1609	2346	926	1954
hsa-miR-9-3p	1860	5786	21999	26456	22562	24061	47586
hsa-let-7b-3p	1826	57	601	1520	1553	664	1023
hsa-miR-7-5p	1742	1127	3096	5631	4473	3088	5997
hsa-miR-382-5p	1661	1725	4558	10517	5608	5776	15539
hsa-miR-615-3p	1646	320	310	1331	709	500	1262
hsa-miR-505-3p	1640	414	1581	2339	2209	1079	2291
hsa-miR-409-3p	1611	1347	3789	9661	5370	4787	11092
hsa-miR-192-5p	1496.5	157.5	1128.5	795	1477.5	417	770.5
hsa-miR-125b-1-3p	1469	287	1094	2118	1756	1005	1933
hsa-miR-320b	1468.58333333333	175.166666666667	528.666666666667	1003.33333333333	1200.66666666667	424.5	1589.41666666667
hsa-miR-20a-5p	1457	214	1675	1519	1348	733	1047.5
hsa-miR-142-5p	1424	215	1765	1304	1647	575	591
hsa-miR-455-3p	1408	1049	5491	4064	6751	3266	4411
hsa-miR-1247-5p	1404	153	477	1164	533	236	919
hsa-miR-181a-2-3p	1386	284	1307	2646	2923	1427	2327
hsa-miR-140-5p	1380	348	1387	2166	2921	613	1252
hsa-miR-151b	1363	274.5	1669.5	2262	1782.5	710.166666666667	1575
hsa-miR-99b-3p	1323	167	756	1277	1137	561	1650
hsa-miR-195-3p	1303	81	404	553	528	143	343
hsa-miR-502-3p	1273.5	381.5	1424	2402.5	2076.5	937	2017
hsa-miR-106b-5p	1242	183	759.333333333333	796	1268	445	671
hsa-miR-411-5p	1240	896	3664	5147	4821	2924	4337
hsa-miR-654-3p	1138	412	1217	1999	1851	1359	3005
hsa-miR-27b-5p	1126	785	2137	3425	3439	2422	4308
hsa-miR-19b-3p	1115	162	1331	780	1128	433.5	614
hsa-miR-500a-3p	1064.5	293.5	971	1938	1498	759	1408.5
hsa-miR-132-3p	1033	218	652	1295	990	418	1185
hsa-miR-421	1028	380	1323	2277	2261	1643	3051
hsa-miR-340-3p	1013	641	1894	3140	4015	2432	3093
hsa-miR-151a-5p	1007	281.5	1306	1978.5	1654	839	1734.5
hsa-miR-29c-3p	978.5	365.5	2151.5	1616.5	2709	755	938.833333333333
hsa-miR-339-3p	974	234	1327	1262	1485	605	935
hsa-miR-497-5p	937	118	445	837	864	159	419
hsa-miR-17-5p	932.5	187	1099.83333333333	1114.5	929	523	1007
hsa-miR-149-5p	894	562	2669	4492	2635	2529	5627
hsa-miR-130a-3p	893	544	1544	1925	2984	1424	1721
hsa-miR-328-3p	884	208	732	1741	933	560	2020
hsa-miR-1301-3p	879	367	990	2709	1604	1407	3461
hsa-miR-660-5p	868	143	945	1318	1187	583	976
hsa-miR-369-3p	864	609	1861	2002	1773	1468	2321
hsa-miR-15a-5p	857	171	940	1165	1477	503	624
hsa-miR-133a-3p	827.5	123	671.5	2691.5	10802.5	785	1365.5
hsa-miR-194-5p	795	148	1172	908	1233	471	687
hsa-miR-320d	770.05	130.283333333333	394.55	635.75	986.6	344.85	964.9
hsa-miR-23b-5p	765	169	777	1391	1288	922	2520
hsa-miR-320c	746.383333333333	111.55	270.216666666667	533.583333333333	606.766666666667	232.3	880.983333333334
hsa-miR-432-5p	743	730	2146	5565	2845	3439	9180
hsa-miR-374a-3p	735	271	1316	1277	1597	562	689
hsa-miR-584-5p	724	222	1088	1200	2257	1062	1695
hsa-miR-511-5p	718	82	231	638	510	244	242
hsa-miR-143-5p	715	77	405	1008	1264	148	420
hsa-miR-134-5p	711	233	771	1427	695	510	2394
hsa-miR-345-5p	703	80	373	660	738	234	573
hsa-miR-664a-3p	702	102	496	898	808	407	765
hsa-miR-452-5p	691	73	270	793	600	87	270
hsa-miR-324-3p	638	99	489	593	793	352	577
hsa-miR-664a-5p	636	133	537	940	734	594	1108
hsa-miR-193b-3p	632	12	77	120	263	45	126
hsa-miR-107	630.5	206.5	1046	1244	1010.5	727	1601.5
hsa-miR-501-3p	624	173	507.5	1509.5	1036.5	218.5	1397.5
hsa-miR-1271-5p	618	38	521	563	935	322	406
hsa-miR-34a-5p	616	365	1437	2794	1259	834	1289
hsa-miR-629-5p	602	111	429	533	456	205	640
hsa-miR-1180-3p	602	70	211	534	437	296	517
hsa-miR-206	601	49	384	1364	2675	856	178
hsa-miR-329-3p	587	653	1868	4935	2811	2594	5063
hsa-miR-744-5p	568	145	695	1346	962	532	1273
hsa-miR-146b-3p	565	35	171	411	315	71	124
hsa-miR-2110	563	66	251	751	605	269	718
hsa-miR-543	540	319	762	1854	871	860	1967
hsa-miR-10b-3p	536	255	690	1494	1043	351	917
hsa-miR-331-3p	534	72	349	570	344	160	453
hsa-miR-454-3p	524	143	630	919	845	521	927
hsa-miR-24-1-5p	519	434	1587	1670	2290	1362	2028
hsa-miR-22-5p	512	138	537	997	861	569	790
hsa-miR-494-3p	512	192	526	1128	1040	650	1279
hsa-miR-495-3p	490	261	804	1433	1329	1029	1923
hsa-miR-30c-2-3p	489	215	572	1015	1191	786	1967
hsa-miR-144-3p	474	1	4	12	333	21	16
hsa-miR-483-5p	469	121	118	654	440	176	575
hsa-miR-382-3p	458	342	1033	1776	1319	1140	2526
hsa-miR-130b-5p	454	168	395	871	740	500	943
hsa-miR-125a-3p	440	91	265	503	539	296	544
hsa-miR-1260b	436	41	169	264	468	107	384
hsa-miR-493-3p	423	529	2233	3635	1280	1601	5353
hsa-miR-24-2-5p	422	148	657	854	1124	413	774
hsa-miR-214-5p	414	32	128	225	170	42	110
hsa-miR-323a-3p	406.5	579	1961	5528.5	2402	3206	6492
hsa-miR-203a-3p	400	66	171	634	458	121	341
hsa-miR-708-5p	396	129	918	1041	534	341	1029
hsa-miR-223-5p	388	52	319	329	204	160	263
hsa-miR-337-3p	382	123	301	466	479	373	607
hsa-miR-26a-2-3p	374	61	244	175	307	127	92
hsa-miR-450b-5p	364	162	363	573	564	638	1369
hsa-miR-362-5p	360	189	656	1032	669	450	750
hsa-miR-4286	346	28	137	371	380	112	387
hsa-miR-486-3p	346	2	22	62	190	32	120
hsa-miR-330-3p	339	151	568	1727	875	644	2121
hsa-miR-15b-3p	337	6	73	106	132	60	116
hsa-miR-424-3p	331	225	532	1155	700	783	1978
hsa-miR-3622a-5p	329	21	75	220	102	62	166
hsa-miR-181c-5p	329	103	475	440	687	348	493
hsa-miR-941	313	17	292	263	200	82	216
hsa-miR-769-5p	311	67	568	601	641	204	455
hsa-miR-671-3p	297	40	139	386	208	125	273
hsa-miR-760	297	29	113	375	299	131	447
hsa-miR-370-3p	297	386	620	1580	812	547	1514
hsa-miR-148a-5p	294	10	117	117	90	22	64
hsa-miR-874-3p	276	60	329	378	424	153	658
hsa-miR-708-3p	275	82	380	504	428	86	282
hsa-miR-181a-3p	273	31	177	209	259	129.5	195.5
hsa-miR-483-3p	270	48	65	223	157	61	93
hsa-miR-210-3p	267	4	72	70	139	26	63
hsa-miR-576-3p	266	26	125	105	204	44	91
hsa-miR-130b-3p	261	41	92	249	186	133	231
hsa-miR-590-3p	261	42	287	268	311	124	69
hsa-miR-628-5p	251	205	717	1367	970	768	1302
hsa-let-7c-3p	249	51	165	327	259	168	400
hsa-miR-331-5p	248	37	160	264	250	141	260
hsa-miR-425-3p	246	46	277	402	243	126	266
hsa-miR-29b-1-5p	246	97	404.5	482	421	206	638
hsa-miR-342-5p	244	64	292	665	484	346	666
hsa-miR-532-3p	244	40	240	585	367	262	715
hsa-miR-655-3p	234	93	305	318	389	226	449
hsa-miR-504-5p	229	108	905	2009	1099	858	2378
hsa-miR-376c-3p	229	48	531	323	564	219	415
hsa-miR-374b-3p	228	100	258	341	521.5	206	297.5
hsa-miR-485-5p	222	437	1629	5015	1764	2228	6951
hsa-miR-589-5p	222	22	132	121	204	78	160
hsa-miR-132-5p	220	83	253	475	327	237	392
hsa-let-7e-3p	218	35	135	238	251	111	195
hsa-miR-221-5p	209	52	277	505	380	187	331
hsa-miR-598-3p	204	52	281	255	231	173	307
hsa-miR-576-5p	199	17	77	101	162	75	54
hsa-miR-671-5p	198	32	53	109	40	35	135
hsa-miR-3615	193	17	151	380	418	176	453
hsa-miR-628-3p	192	55	215	478	401	284	489
hsa-miR-455-5p	188	110	536	322	525	214	455
hsa-miR-136-3p	188	111	419	509	570	341	546
hsa-miR-369-5p	186	133	368	1006	755	565	1067
hsa-let-7f-1-3p	180	8	65	86	129	77	72
hsa-miR-4662a-5p	180	35	165	613	196	64	196
hsa-miR-26b-3p	177	36	118	156	178	127	150
hsa-miR-181d-5p	173	138.5	479.5	636	591	437	706.5
hsa-miR-549a	169	2	0	2	0	0	7
hsa-miR-21-3p	165	12	106	146	36	17	20
hsa-miR-485-3p	164	93	322	1316	372	477	1097
hsa-miR-32-5p	161	49	209	132	378	140	113
hsa-miR-92a-1-5p	160	22	144	142	111	67	140
hsa-miR-212-5p	157	39	93	133	244	117	203
hsa-miR-323b-3p	156.5	119	438	1602.5	703	790	1577
hsa-miR-19a-3p	154	28	174	99	132	47.5	102
hsa-miR-32-3p	154	69	208	338	247	272	388
hsa-miR-381-3p	151	53	342	208	324	118	263
hsa-miR-98-3p	149	26	117	234	192	82	148
hsa-miR-625-3p	147	19	184	238	525	126	105
hsa-miR-3605-3p	146	40	76	296	134	127	236
hsa-miR-424-5p	144	76	341	441	332	156	467
hsa-miR-7-1-3p	143	16	127	105	154	65	110
hsa-miR-889-3p	142	260	1057	1598	995	1023	1165
hsa-miR-499a-5p	133	34	244	294	391	128	158
hsa-miR-1299	133	54	155	151	143	263	352
hsa-miR-877-5p	132	58	88	378	278	178	569
hsa-miR-29c-5p	131	24	144	156	125	77	168
hsa-miR-326	127	19	103	80	37	27	179
hsa-miR-324-5p	125	13	121	169	165	89	169
hsa-miR-503-5p	125	69	174	315	226	123	566
hsa-miR-25-5p	121	16	61	172	113	51	110
hsa-miR-1468-5p	121	60	172	267	382	135	263
hsa-miR-501-5p	120	33	147	313	183	115	250
hsa-let-7i-3p	120	56	155	139	219	55	121
hsa-miR-18a-3p	118	3	28	74	54	48	52
hsa-miR-139-3p	115	25	83	320	219	91	377
hsa-miR-1303	115	11	60	101	60	29	104
hsa-miR-1270	114	3	27	52	99	26	132
hsa-miR-766-3p	114	2	23	29	13	6	32
hsa-miR-1296-5p	114	4	99	115	125	20	66
hsa-miR-411-3p	113.5	95.5	356.5	649	430	363	763.5
hsa-miR-450a-5p	113	38	119	223	161	219	503
hsa-miR-656-3p	111	56	166	207	211	179	376
hsa-miR-379-3p	109.5	49.5	227.5	377	350	230	404.5
hsa-miR-676-3p	109	13	79	109	179	53	127
hsa-miR-505-5p	109	30	121	259	206	140	292
hsa-miR-944	107	9	31	59	51	25	11
hsa-miR-96-5p	106	230	690	1213	804	577	1287
hsa-miR-3158-3p	106	4	21	27	87	20	10
hsa-miR-27a-5p	103	29	180	217	203	61	185
hsa-miR-148b-5p	92	23	63	62	102	34	38
hsa-miR-942-5p	92	12	48	70	133	33	65
hsa-miR-193b-5p	91	18	12	97	95	25	109
hsa-miR-93-3p	91	14	38	99	77	48	95
hsa-miR-1307-3p	91	4	64	142	88	30	121
hsa-let-7c	91	26.5	74.1666666666667	121.666666666667	141.333333333333	62.6666666666667	72.5
hsa-miR-135b-5p	90	4	21	27	9	11	3
hsa-miR-4454	88	23	28	826	115	75	58
hsa-miR-200c-3p	88	16	60	87	83	61	85
hsa-miR-362-3p	88	21	171	100	126	71	59
hsa-miR-378a-5p	88	5	27	54	121	10	27
hsa-miR-409-5p	87	178	704	1350	676	707	1655
hsa-miR-1247-3p	85	4	37	26	39	8	14
hsa-miR-212-3p	84	14	50	80	50	22	43
hsa-miR-433-3p	84	135	571	1851	670	655	2120
hsa-miR-6842-3p	84	5	11	20	38	16	31
hsa-miR-224-3p	84	14	30	48	67	17	29
hsa-miR-500a-5p	81	17	65	89	132.5	73	102
hsa-miR-542-3p	81	206	397	510	400	441	923
hsa-miR-191-3p	81	16	29	118	42	32	83
hsa-miR-204-3p	80	71	192	400	497	439	820
hsa-miR-1291	78	2	44	18	28	3	20
hsa-miR-18a-5p	76.5	4.5	73.5	38.5	96.5	22	45
hsa-miR-1255a	75	2	24	9	9	13	7
hsa-miR-23c	74.5	22.5	89	124.5	140.5	99	189.5
hsa-miR-190a-5p	74	14	104	89	108	58	129
hsa-miR-1294	74	5	13	9	42	19	26
hsa-miR-548e-3p	74	13	69	62	76	16	76
hsa-miR-3177-3p	74	10	22	63	30	31	84
hsa-miR-616-3p	72	10	14	29	36	17	32
hsa-miR-376a-3p	71	18	87	125	134	78	99
hsa-miR-106a-5p	67.5	17	120.833333333333	78.5	183	51	47
hsa-miR-4510	67	18	34	79	83.5	49	89
hsa-miR-92b-5p	67	21	52	158	110	53	206
hsa-miR-431-5p	67	29	56	111	37	90	139
hsa-miR-124-3p	66	355	1353	3265	1631	1141	2720
hsa-miR-1307-5p	64	4	19	34	38	7	7
hsa-miR-1226-3p	64	5	26	77	45	42	82
hsa-miR-4326	64	5	6	21	30	6	13
hsa-miR-320e	64	1	16	3	15	12.25	7.25
hsa-miR-296-3p	62	8	38	38	60	29	77
hsa-miR-651-5p	61	14	70	64	91	44	44
hsa-miR-550a-3-5p|hsa-miR-550a-5p	60	16.5	31.5	51	93	29.5	52
hsa-miR-185-3p	59	8	46	47	24	9	45
hsa-miR-6511a-3p	59	3	18	54	7	18	57
hsa-miR-127-5p	58	34	231	226	165	103	283
hsa-miR-365b-5p	58	8	11	159	94	33	97
hsa-miR-548av-5p|hsa-miR-548k	57	7	23	25	41	8	45
hsa-miR-3909	57	9	50	40	58	22	51
hsa-miR-664b-3p	56	4	21	44	32	32	39
hsa-miR-7977	56	4	17	36	72	37	78
hsa-miR-1908-5p	54	9	24	68	43	20	197
hsa-miR-1287-5p	54	11	52	63	93	28	61
hsa-miR-4636	54	8	29	20	107	26	42
hsa-miR-873-5p	54	11	52	84	47	43	96
hsa-miR-29b-2-5p	53	35	172.5	280	188	103	369
hsa-miR-3613-3p	52	3	23	24	64	23	10
hsa-miR-625-5p	52	17	148	129	315	105	116
hsa-miR-1292-5p	51	1	13	49	52	14	55
hsa-miR-33b-3p	51	2	12	20	9	12	28
hsa-miR-487a-5p	51	73	204	635	201	382	747
hsa-miR-202-5p	50	2	2	31	136	17	14
hsa-miR-624-5p	49	2	15	0	15	4	4
hsa-miR-1827	48	26	86	119	133	63	92
hsa-miR-3934-5p	48	0	32	35	47	18	34
hsa-miR-511-3p	47	1	4	7	11	3	0
hsa-miR-200b-3p	47	81	324	324	568	297	666
hsa-miR-30b-3p	46	35	150	204	279	176	251
hsa-miR-539-3p	46	43	100	141	152	129	116
hsa-miR-6503-3p	45	4	43	43	28	6	15
hsa-miR-548av-3p|hsa-miR-548o-3p	43	2	64	22	49	18	5
hsa-miR-489-3p	43	6	15	51	48	31	56
hsa-miR-34c-5p	43	10	89	140	125	61	85
hsa-miR-1976	41	1	4	17	23	4	9
hsa-miR-627-3p	41	3	10	15	4	22	10
hsa-miR-1284	41	2	5	8	11	5	6
hsa-miR-4732-5p	41	0	1	0	5	3	0
hsa-miR-142-3p	41	16	119	82	55	36	36
hsa-miR-99a-3p	41	5	15	21	60	31	49
hsa-miR-181b-3p	40	3	20	22	38	9	20
hsa-miR-5695	40	1	8	3	10	8	7
hsa-miR-887-5p	39	7	25	30	51	14	37
hsa-miR-5010-3p	39	7	18	67	25	23	47
hsa-let-7a-2-3p	38	2	27	11	23	14	13
hsa-miR-885-5p	38	28	104	324	213	94	210
hsa-miR-410-3p	38	37	184	399	213	174	413
hsa-miR-34a-3p	38	1	12	14	0	5	4
hsa-miR-17-3p	38	3	31	25	71	13	11
hsa-miR-585-3p	37	14	5	12	47	0	19
hsa-miR-6716-3p	37	5	7	38	18	11	10
hsa-miR-618	37	13	75	100	126	53	124
hsa-miR-3617-5p	36	3	0	0	5	0	3
hsa-miR-654-5p	35	79	187	503	218	210	634
hsa-miR-34b-3p	35	11	81	108	76	97	143
hsa-miR-887-3p	35	3	12	27	20	2	30
hsa-miR-487a-3p	35	79	214	349	424	210	355
hsa-miR-1262	34	13	37	83	77	19	83
hsa-miR-154-5p	34	2	22	15	5	8	25
hsa-miR-3616-5p	33	0	6	11	6	7	6
hsa-miR-3928-3p	33	7	19	27	4	9	21
hsa-miR-3143	33	0	4	0	8	0	2
hsa-miR-128-1-5p	32	4	5	23	6	3	37
hsa-miR-299-5p	32	11	74	73	87	54	121
hsa-miR-3912-3p	32	4	19	38	40	13	18
hsa-miR-3605-5p	31	13	64	164	161	83	182
hsa-miR-138-5p	31	300	1058	2084	744	865	2155
hsa-miR-539-5p	31	30	88	285	180	189	223
hsa-miR-377-3p	31	10	35	33	78	15	47
hsa-miR-215-5p	30.5	5.5	45.5	160	177.5	39	49.5
hsa-miR-129-5p	30	89	135	476	541	454	960
hsa-miR-891a-5p	30	26	58	171	123	59	102
hsa-miR-1254	30	0	5	8	11	4	14
hsa-miR-3074-5p	30	3	23	12	21	18	1
hsa-miR-6866-3p	30	0	3	4	10	1	9
hsa-miR-6843-3p	29	9	21	22	17	18	40
hsa-miR-1246	29	2	3	18	21	9	10
hsa-miR-4787-3p	29	1	1	7	0	1	0
hsa-miR-577	29	28	25	171	80	40	26
hsa-miR-103a-2-5p	29	2.5	10.5	7	14	4	7
hsa-miR-1306-3p	28	2	19	51	40	28	54
hsa-miR-4742-3p	28	2	12	15	15	13	4
hsa-miR-296-5p	28	0	15	12	22	18	4
hsa-miR-508-3p	28	3	23	14	12	7	21
hsa-miR-20b-5p	28	20	84	26	93	43	67.5
hsa-miR-873-3p	28	2	8	35	0	11	60
hsa-miR-6868-3p	27	5	10	5	16	0	0
hsa-miR-346	27	4	17	92	14	31	82
hsa-miR-30d-3p	27	13	87	69	37	14	45
hsa-miR-3679-5p	26	4	28	56	37	38	86
hsa-miR-582-3p	26	10	49	39	15	13	57
hsa-miR-210-5p	26	0	5	5	18	2	4
hsa-miR-30c-1-3p	26	24	39	196	54	84	119
hsa-miR-222-5p	25	1	14	13	9	6	17
hsa-miR-29a-5p	25	4	16	10	70	20	0
hsa-miR-337-5p	25	16	58	82	112	68	52
hsa-miR-454-5p	25	13	45	38	123	64	61
hsa-miR-181c-3p	25	15	29	79	74	39.5	104.5
hsa-miR-548s	24	5	6	9	16	2	16
hsa-miR-2276-3p	24	4	18	17	6	7	18
hsa-miR-378c	24	0	25	26	42	2	14
hsa-miR-1343-3p	24	5	17	47	12	14	31
hsa-miR-744-3p	24	10	49	96	34	56	63
hsa-miR-370-5p	24	33	107	289	154	159	281
hsa-miR-3940-3p	24	1	2	0	11	1	17
hsa-miR-378g	23.5	0.5	7.5	11.5	25	7	12.5
hsa-miR-5001-3p	23	3	3	11	11	1	11
hsa-miR-181b-2-3p	23	3	18	37	21	19	16
hsa-miR-642a-5p	23	0	2	6	4	0	3
hsa-miR-217	23	55	135	799	354	275	329
hsa-miR-548ad-5p|hsa-miR-548ae-5p|hsa-miR-548ay-5p	23	2	0	3	4	7	0
hsa-miR-3127-3p	23	0	5	0	7	0	0
hsa-miR-5010-5p	22	3	10	48	12	12	54
hsa-miR-20a-3p	22	6	43	46	18	22	26
hsa-miR-6815-5p	22	1	8	8	27	3	2
hsa-miR-377-5p	22	23	74	183	74	83	259
hsa-miR-31-5p	22	14	105	200	71	120	126
hsa-miR-4683	22	1	16	5	3	9	1
hsa-miR-937-3p	22	3	8	27	17	27	40
hsa-miR-1228-3p	22	0	8	10	0	3	5
hsa-mir-151b	21.5	0.5	41	55	3	12	11.5
hsa-miR-374c-5p	21.5	5.5	21.5	17.5	45.5	19.5	23.5
hsa-miR-26a-1-3p	21	23	91	42	174	63	124
hsa-miR-3913-3p	21	0	0	11	0	3	0
hsa-miR-3688-3p	21	0	5	0	9	5	3
hsa-miR-584-3p	21	0	1	2	13	0	0
hsa-miR-6513-3p	21	5	6	18	6	6	8
hsa-mir-320b-1	20.8	6.45	22.05	10.25	15.6	11.6	23.4
hsa-mir-320a	20.8	6.2	17.7666666666667	15.55	16.6	12.6	20.65
hsa-mir-320b-2	20.8	4.78333333333333	21.55	12	15.6	13.6	23.65
hsa-miR-133b	20.5	0	6.5	30.5	151.5	4	9.5
hsa-miR-7976	20	1	7	11	48	4	0
hsa-miR-450a-1-3p	20	10	23	21	14	22	25
hsa-miR-585-5p	20	2	1	0	8	0	3
hsa-miR-6514-5p	20	5	11	20	19	8	23
hsa-miR-616-5p	20	12	11	31	27	24	23
hsa-miR-2355-3p	20	15	91	103	59	57	90
hsa-miR-4659a-3p	19	0	3	14	9	2	7
hsa-miR-1273h-3p	19	0	4	22	0	6	5
hsa-miR-1255b-5p	19	1	7	2	19	1	15
hsa-miR-7846-3p	19	0	2	4	2	0	0
hsa-miR-4781-3p	19	0	14	5	14	7	36
hsa-miR-506-3p	19	3	3	2	4	1	19
hsa-miR-3173-3p	18	0	7	16	14	10	4
hsa-miR-3173-5p	18	11	27	88	63	64	60
hsa-miR-6866-5p	18	1	12	13	11	2	13
hsa-miR-4728-3p	18	1	13	9	5	3	21
hsa-miR-7706	18	21	82	125	154	83	143
hsa-miR-188-5p	18	3	2	4	0	7	3
hsa-miR-6511a-5p|hsa-miR-6511b-5p	17	1	7	31	28	6	41
hsa-miR-675-5p	17	7	6	75	24	7	13
hsa-miR-6761-5p	17	0	4	13	6	2	0
hsa-miR-6827-3p	17	5	1	8	0	4	6
hsa-miR-3617-3p	17	0	0	0	10	0	0
hsa-miR-675-3p	17	1	15	17	2	12	13
hsa-miR-3202	17	0	5	8	7	0	6
hsa-miR-4738-3p	17	0	3	3	12	5	4
hsa-miR-3129-3p	17	1	20	20	43	4	43
hsa-miR-6511b-5p	17	2	5	6	12	0	32
hsa-miR-5009-3p	17	0	0	0	0	0	0
hsa-miR-330-5p	16	17	69	152	48	44	127
hsa-miR-4774-5p	16	0	0	4	0	0	0
hsa-miR-643	16	5	0	0	28	5	3
hsa-miR-3614-5p	16	3	4	8	7	11	1
hsa-miR-5687	16	0	0	0	0	0	10
hsa-miR-6867-3p	16	0	0	0	0	0	0
hsa-miR-4677-5p	16	2	3	3	10	0	9
hsa-miR-3620-3p	16	0	6	10	13	0	12
hsa-miR-4732-3p	16	0	0	0	15	1	6
hsa-miR-4804-5p	16	5	2	8	43	0	14
hsa-miR-487b-5p	16	29	83	263	122	155	326
hsa-miR-6730-5p	16	0	0	2	0	0	7
hsa-miR-7111-3p	15	0	0	0	0	2	0
hsa-miR-4800-3p	15	0	4	0	0	3	3
hsa-miR-629-3p	15	4	15	13	0	0	12
hsa-miR-579-5p	15	0	4	0	0	0	0
hsa-miR-676-5p	15	0	3	3	6	1	0
hsa-miR-1245a	15	0	0	3	0	0	0
hsa-miR-3613-5p	15	2	18	3	26	7	3
hsa-miR-767-5p	15	11	33	97	72	88	132
hsa-miR-653-3p	15	5	4	25	15	27	29
hsa-miR-6500-3p	15	10	5	62	23	11	31
hsa-miR-380-5p	15	7	33	142	87	53	130
hsa-miR-3074-3p	14	4	1	18	0	14	2
hsa-miR-3130-3p	14	0	3	13	0	4	33
hsa-miR-4677-3p	14	13	55	38	30	18	47
hsa-miR-3622a-3p	14	1	9	16	5	9	6
hsa-miR-1233-3p	14	2	0	3	0	0	0
hsa-let-7g-3p	14	0	17	8	24	3	13
hsa-miR-1276	14	3	2	28	17	10	29
hsa-mir-500a	14	4	14.5	25	12	4.5	6
hsa-miR-885-3p	14	5	4	60	7	4	43
hsa-miR-380-3p	14	10	53	78	20	53	81
hsa-miR-150-3p	14	9	44	21	87	5	33
hsa-miR-592	13	13	43	78	33	26	86
hsa-miR-6774-3p	13	0	9	0	0	2	0
hsa-miR-548ad-5p|hsa-miR-548ae-5p	13	5	4	1	6	11	0
hsa-miR-3065-5p	13	2	17	19	3	23	34
hsa-miR-33b-5p	13	1	3	0	5	0	0
hsa-miR-3152-5p	13	7	20	47	46	19	41
hsa-miR-4524a-3p	13	10	40	32	18	10	20
hsa-miR-371b-5p	13	3	3	7	5	3	7
hsa-miR-16-1-3p	13	1	10	7	0	0	0
hsa-miR-136-5p	13	9	10	11	9	8	10
hsa-miR-615-5p	12	0	3	2	0	1	5
hsa-miR-3612	12	2	18	31	17	15	32
hsa-miR-5009-5p	12	0	0	6	14	0	1
hsa-miR-299-3p	12	8	75	75	71	52	38
hsa-miR-4705	12	0	0	0	0	4	2
hsa-miR-6786-3p	12	1	0	0	0	0	6
hsa-miR-5196-3p	12	1	0	0	0	0	0
hsa-miR-6516-3p	12	4	14	30	15	40	70
hsa-miR-7705	12	3	12	15	13	10	3
hsa-miR-301a-5p	12	1	9	16	8	0	16
hsa-miR-122-5p	12	6	10	14	81	49	68
hsa-miR-1249-3p	12	4	19	64	17	30	36
hsa-miR-6738-5p	12	0	0	0	0	0	0
hsa-miR-548at-5p	12	1	4	3	0	5	0
hsa-miR-378d	11	1.16666666666667	9.33333333333333	16.3333333333333	40.5	1	5.33333333333333
hsa-miR-6852-3p	11	0	0	0	7	2	0
hsa-miR-1285-5p	11	2	0	4	15	12	0
hsa-miR-6833-3p	11	0	0	11	16	5	3
hsa-miR-766-5p	11	3	7	16	0	8	6
hsa-miR-4511	11	0	6	4	3	3	5
hsa-miR-665	11	8	22	23	45	12	46
hsa-miR-548w	11	1	8	21	7	0	0
hsa-miR-561-5p	11	0	0	6	0	0	0
hsa-miR-184	11	3	26	32	53	41	130
hsa-miR-556-5p	11	6	24	25	7	9	3
hsa-miR-4753-5p	11	0	2	0	0	7	5
hsa-miR-6827-5p	11	0	0	2	0	1	10
hsa-miR-101-5p	11	1	8	15	9	0	1
hsa-miR-6883-3p	11	0	2	3	3	0	18
hsa-let-7a-2	10.7333333333333	1.5	6.15	4.06666666666667	13.95	5.61666666666667	6.33333333333333
hsa-miR-219a-1-3p	10	1	15	11	52	8	23
hsa-miR-589-3p	10	11	3	13	15	4	31
hsa-miR-4775	10	1	4	2	3	1	3
hsa-miR-7-2-3p	10	1	1	7	0	2	5
hsa-miR-548l	10	3	12	7	0	0	4
hsa-miR-668-3p	10	9	28	51	23	34	142
hsa-miR-4473	10	1	14	4	5	5	0
hsa-miR-548ba	10	0	43	86	14	35	0
hsa-miR-429	10	10	53	7	33	17	34
hsa-miR-6775-3p	10	0	0	0	9	0	0
hsa-miR-765	10	2	4	9	6	8	8
hsa-miR-6780a-3p	10	2	5	2	2	3	8
hsa-miR-548q	10	3	10	12	7	5	7
hsa-miR-6503-5p	10	0	2	12	0	6	0
hsa-miR-6797-3p	10	0	0	0	0	0	4
hsa-miR-3661	10	1	2	10	0	0	0
hsa-miR-183-3p	10	35	171	389	132	179	284
hsa-miR-664b-5p	10	4	5	17	23	5	33
hsa-miR-4708-3p	10	1	2	35	7	0	1
hsa-miR-4796-3p	10	4	3	24	16	3	18
hsa-miR-4772-3p	10	0	17	9	0	5	16
hsa-miR-378f	9	0	2	14	6	1	6
hsa-miR-4632-3p	9	0	1	4	6	0	0
hsa-miR-4714-5p	9	0	0	0	0	0	0
hsa-miR-1185-1-3p	9	3.5	9	9.5	20	19.5	23
hsa-miR-181d-3p	9	0	0	5	11	3	9
hsa-miR-2278	9	0	8	0	0	0	0
hsa-miR-3065-3p	9	3	7	0	8	2	7
hsa-miR-4664-3p	9	0	0	0	0	0	0
hsa-miR-378e	9	0	2	6	4	0	3
hsa-miR-187-3p	9	0	0	11	5	0	0
hsa-miR-548a-3p	9	3	23	8	22	13	9
hsa-miR-491-5p	9	6	27	116	116	42	146
hsa-miR-1243	9	3	4	6	0	2	3
hsa-miR-5586-5p	9	0	0	2	0	3	0
hsa-miR-1306-5p	9	5	13	49	39	10	49
hsa-miR-6791-3p	9	2	1	8	11	0	1
hsa-let-7b	8.83333333333333	1	3.33333333333333	10.6666666666667	10.3333333333333	6.66666666666667	5
hsa-miR-6851-3p	8	0	0	0	0	0	0
hsa-miR-6808-3p	8	0	0	0	0	0	4
hsa-miR-7109-3p	8	0	0	0	0	0	0
hsa-miR-876-3p	8	35	45	90	56	76	73
hsa-miR-4725-3p	8	0	0	1	10	2	0
hsa-miR-3157-5p	8	3	3	4	0	9	5
hsa-miR-3913-5p	8	10	13	18	12	4	5
hsa-miR-7854-3p	8	4	1	11	1	3	23
hsa-miR-6777-5p	8	0	1	0	1	0	0
hsa-miR-3126-5p	8	0	4	6	0	7	0
hsa-miR-3145-3p	8	0	2	0	7	0	0
hsa-miR-641	8	8	74	133	81	47	41
hsa-miR-3120-3p	8	4	16	7	13	9	1
hsa-miR-3180-5p	8	0	0	0	8	0	12
hsa-miR-466	8	0	0	0	0	0	5
hsa-miR-6837-3p	8	0	0	7	4	1	0
hsa-miR-653-5p	7	0	0	4	1	0	2
hsa-miR-3135a	7	1	2	11	0	6	19
hsa-miR-3129-5p	7	2	11	7	13	2	2
hsa-miR-4780	7	5	15	26	20	24	34
hsa-miR-6508-3p	7	4	12	8	0	2	1
hsa-miR-769-3p	7	4	7	11	0	5	24
hsa-miR-1298-5p	7	0	4	16	13	2	6
hsa-miR-3682-3p	7	0	0	0	0	1	0
hsa-miR-3619-5p	7	0	0	12	3	0	12
hsa-miR-4662a-3p	7	0	0	30	4	2	0
hsa-miR-3133	7	0	1	0	20	0	4
hsa-miR-6749-3p	7	0	0	2	0	0	0
hsa-miR-1258	7	0	9	7	0	0	0
hsa-miR-6511b-3p	7	11	5	58	22	19	24
hsa-miR-548ap-5p|hsa-miR-548j-5p	7	0	0	1	5	12	10
hsa-miR-4661-5p	7	1	5	4	0	0	0
hsa-mir-101-2	7	0	0	0	0	0	0
hsa-miR-550a-3-5p	7	6.5	5	21	15	3.5	13
hsa-miR-193a-3p	7	0	11	19	13	6	6
hsa-miR-141-3p	7	2	7	0	16	0	6
hsa-miR-5193	7	0	2	0	6	3	17
hsa-miR-3159	7	0	5	0	8	0	0
hsa-miR-4709-3p	7	1	0	0	0	0	9
hsa-mir-30c-1	6.5	0	1.33333333333333	0.333333333333333	12	11.3333333333333	0.5
hsa-miR-3939	6	1	0	0	0	3	0
hsa-miR-597-3p	6	0	6	12	3	1	8
hsa-miR-6803-3p	6	0	2	7	21	6	3
hsa-miR-1266-5p	6	0	0	0	0	0	0
hsa-miR-187-5p	6	0	0	0	0	0	0
hsa-miR-1179	6	0	11	5	27	3	0
hsa-miR-2277-5p	6	6	28	39	26	2	28
hsa-miR-6859-5p	6	0	0	8	0	10	9
hsa-miR-6861-5p	6	0	0	6	0	0	0
hsa-miR-6755-3p	6	0	2	1	8	0	0
hsa-miR-3145-5p	6	1	2	2	0	0	1
hsa-miR-129-2-3p	6	0	2	11	9	25	21
hsa-miR-582-5p	6	7	38	68	51	48	77
hsa-miR-365a-5p	6	1	6	24	27	4	22
hsa-miR-508-5p	6	0	3	0	0	2	0
hsa-miR-6747-3p	5	1	1	35	12	12	24
hsa-miR-196b-3p	5	0	0	0	0	0	0
hsa-miR-642a-3p	5	0	15	13	0	12	11
hsa-miR-216b-5p	5	70	195	888	429	382	524
hsa-miR-4803	5	0	0	0	0	0	0
hsa-miR-4672	5	0	1	0	9	0	0
hsa-miR-3925-5p	5	0	0	0	0	0	0
hsa-miR-3653-5p	5	0	5	6	2	4	13
hsa-miR-3163	5	0	1	5	5	0	0
hsa-miR-122-3p	5	0	0	0	0	0	0
hsa-miR-3192-5p	5	2	3	0	0	4	8
hsa-miR-1269a	5	2	0	5	0	0	0
hsa-miR-1248	5	0	9	10	20	5	22
hsa-let-7a-3	4.4	0.5	4.81666666666667	9.56666666666667	3.78333333333333	7.45	7.33333333333333
hsa-miR-4517	4	1	17	5	0	2	9
hsa-miR-548n	4	0	4.5	2	0	0	11
hsa-miR-3653-3p	4	0	2	9	0	0	4
hsa-miR-153-3p	4	9	21	39	14	7	24
hsa-miR-3064-5p	4	3	0	32	27	11	37
hsa-miR-1912	4	0	3	18	11	12	13
hsa-miR-105-5p	4	9	43	107	107	68	83
hsa-miR-3140-3p	4	1	1	12	3	1	12
hsa-miR-4429	4	1	2	2	1	0	7
hsa-miR-7702	4	0	3	0	0	0	1
hsa-miR-4324	4	1	2	3	1	0	3
hsa-miR-4659b-5p	3.5	0	0	0	0	0	0
hsa-miR-4659a-5p	3.5	0	1	0	0	0	0
hsa-miR-6894-5p	3	0	0	4	0	0	0
hsa-miR-3180|hsa-miR-3180-3p	3	2	11	73	9	26	58
hsa-miR-4647	3	0	0	3	0	1	7
hsa-miR-4731-3p	3	0	7	0	8	6	13
hsa-miR-2116-3p	3	1	7	20	11	15	14
hsa-miR-3130-5p	3	0	5	0	6	0	0
hsa-miR-3691-3p	3	0	0	0	0	0	0
hsa-miR-4430	3	0	0	8	0	0	11
hsa-miR-6872-3p	3	0	0	0	0	0	0
hsa-miR-4423-5p	3	2	1	10	20	32	12
hsa-miR-1250-5p	3	5	19	16	1	5	18
hsa-miR-378i	3	0	4	2	5	3	0
hsa-miR-6134	3	0	3	1	2	0	7
hsa-mir-23b	2.16666666666667	0	3.16666666666667	1.5	0.5	1.83333333333333	1
hsa-miR-363-5p	2	7	5	6	36	16	30
hsa-miR-5684	2	0	0	0	0	0	0
hsa-miR-5090	2	0	5	2	0	0	0
hsa-miR-6721-5p	2	0	1	24	0	3	5
hsa-mir-27a	2	3	17.5	1	18.5	13	8
hsa-miR-3150a-5p	2	1	0	2	19	2	0
hsa-miR-138-1-3p	2	18	41	148	123	93	176
hsa-mir-28	2	0	9	1	0	5.66666666666667	5.66666666666667
hsa-let-7a-1	1.73333333333333	2	3.15	2.9	4.11666666666667	3.78333333333333	21
hsa-mir-378c	1.5	1.16666666666667	3.33333333333333	43.8333333333333	4	1.5	7.33333333333333
hsa-miR-6756-3p	1	0	0	5	5	15	16
hsa-mir-374c	1	0	0	0.5	0.5	0.5	0
hsa-miR-940	1	3	11	7	12	8	30
hsa-miR-4676-3p	1	0	0	0	0	0	0
hsa-miR-378b	1	0	0	1	0	0	0
hsa-miR-7110-3p	1	0	1	0	0	0	5
hsa-miR-378h	1	0	1	0	0	0	0
hsa-miR-1290	1	0	0	0	0	0	0
hsa-miR-6788-3p	1	0	1	3	9	2	21
hsa-miR-4317	0.666666666666667	0	0.666666666666667	1	0.5	0.333333333333333	1
hsa-let-7i	0.5	0	0.5	1	1.5	0	0.5
hsa-miR-4306	0.5	0	0	5	7	0	0
hsa-miR-18b-5p	0.5	0.5	2.5	3.5	3.5	0	0
hsa-miR-383-5p	0	57	180	614	120	209	797
hsa-miR-412-5p	0	54	139	2801	190	1588	4127
hsa-miR-138-2-3p	0	47	70	513	198	252	458
hsa-miR-375	0	37	223	266	102	99	209
hsa-miR-154-3p	0	35	167	146	169	160	116
hsa-miR-137	0	31	177	247	118	121	316
hsa-miR-2682-5p	0	25	38	116	85	90	176
hsa-miR-496	0	24	47	105	33	96	139
hsa-miR-329-5p	0	22	31	70	40	64	191
hsa-miR-450a-2-3p	0	19	18	88	53	55	215
hsa-miR-200a-3p	0	18	66	44	69	60	80
hsa-miR-888-5p	0	17	45	39	21	24	26
hsa-miR-433-5p	0	17	74	138	64	63	139
hsa-miR-323a-5p	0	16	44	209	62	99	344
hsa-miR-124-5p	0	11	43	48	24	15	61
hsa-miR-135a-5p	0	11	65	86	53	56	184
hsa-miR-190b	0	10	32	53	79	33	64
hsa-miR-488-3p	0	10	31	53	12	45	75
hsa-miR-410-5p	0	10	36	40	24	32	63
hsa-miR-216a-3p	0	9	20	68	54	21	37
hsa-miR-522-3p	0	9	6	32	59	74	154
hsa-miR-34c-3p	0	8	45	20	26	41	52
hsa-miR-182-3p	0	8	122	182	97	119	186
hsa-miR-758-5p	0	7	52	162	56	74	126
hsa-miR-514a-3p	0	7	16	17	32	5	1
hsa-miR-605-3p	0	7	12	21	47	6	7
hsa-miR-4731-5p	0	7	15	11	44	29	29
hsa-miR-6505-5p	0	6	2	10	0	3	4
hsa-miR-516a-5p	0	6	10	44	68	21	137
hsa-miR-23a-5p	0	6	30	36	33	15	56
hsa-miR-758-3p	0	6	34	49	16	15	71
hsa-miR-1197	0	6	16	27	20	40	37
hsa-miR-1185-2-3p	0	5.5	10	2.5	0	1.5	13
hsa-miR-376a-5p	0	5	42	37	28	38	48
hsa-miR-4742-5p	0	5	4	16	30	7	39
hsa-miR-4657	0	5	1	0	0	0	0
hsa-miR-431-3p	0	5	24	20	4	9	23
hsa-miR-488-5p	0	5	50	53	120	63	158
hsa-miR-301a-3p	0	5	23	8	6	5	41
hsa-miR-4662b	0	4	4	47	18	3	12
hsa-miR-20b-3p	0	4	18	4	23	10	8
hsa-miR-1185-5p	0	4	26	6	18	19	22
hsa-miR-548ar-3p	0	4	4	5	13	4	0
hsa-miR-770-5p	0	4	4	12	0	0	9
hsa-miR-518e-5p|hsa-miR-519a-5p|hsa-miR-519b-5p|hsa-miR-519c-5p|hsa-miR-522-5p|hsa-miR-523-5p	0	4	2	14	16	14	31
hsa-miR-541-3p	0	4	14	62	7	28	64
hsa-miR-3149	0	4	8	16	12	5	8
hsa-mir-30c-2	0	4	9.33333333333333	31.8333333333333	16.5	5.83333333333333	0
hsa-miR-548ay-3p	0	4	4	22	18	6	6
hsa-miR-4798-5p	0	4	14	26	14	4	15
hsa-miR-509-3p	0	3	8	12	27	3	70
hsa-miR-3200-3p	0	3	24	72	30	25	83
hsa-miR-33a-3p	0	3	28	14	33	10	11
hsa-miR-491-3p	0	3	4	3	17	1	13
hsa-miR-374c-3p	0	3	4	6	0	4	0.5
hsa-miR-1295a	0	3	7	32	5	1	7
hsa-miR-5002-5p	0	3	11	0	3	12	17
hsa-miR-133a-5p	0	3	7	16	121	8	12
hsa-miR-4422	0	3	1	5	0	1	8
hsa-miR-4536-5p	0	3	10	23	14	7	9
hsa-miR-3926	0	3	0	0	0	0	0
hsa-miR-200b-5p	0	3	20	26	26	13	18
hsa-miR-7156-5p	0	3	13	16	8	13	2
hsa-miR-2355-5p	0	3	16	0	0	0	12
hsa-miR-943	0	3	0	0	2	4	0
hsa-miR-7978	0	3	15	9	0	9	17
hsa-miR-6516-5p	0	3	12	14	22	6	29
hsa-miR-2113	0	3	0	0	0	0	7
hsa-miR-4716-3p	0	3	0	0	7	3	2
hsa-miR-1224-5p	0	3	21	39	14	18	23
hsa-miR-3689a-5p|hsa-miR-3689b-5p|hsa-miR-3689e	0	3	2	0	0	9	0
hsa-miR-1273c	0	3	8	7	3	5	14
hsa-miR-7151-3p	0	3	8	5	17	14	15
hsa-miR-100-3p	0	3	10	1	8	13	0
hsa-miR-216a-5p	0	2	1	6	5	0	0
hsa-miR-490-3p	0	2	0	0	0	0	0
hsa-miR-6871-3p	0	2	3	2	0	0	0
hsa-miR-1275	0	2	0	8	0	2	3
hsa-miR-6823-5p	0	2	0	0	0	0	0
hsa-miR-4695-3p	0	2	0	0	0	0	0
hsa-miR-3174	0	2	5	1	7	6	43
hsa-miR-6875-5p	0	2	0	14	3	2	6
hsa-miR-1911-5p	0	2	8	15	1	0	0
hsa-miR-4477b	0	2	1	6	0	0	0
hsa-miR-1323	0	2	0	9	0	19	8
hsa-miR-6895-5p	0	2	0	0	0	0	0
hsa-miR-323b-5p	0	2	4	27	7	5	27
hsa-miR-6513-5p	0	2	0	0	1	3	0
hsa-miR-556-3p	0	2	13	5	5	0	22
hsa-miR-3907	0	2	0	2	0	0	6
hsa-miR-6882-5p	0	2	12	33	8	12	10
hsa-miR-517a-3p|hsa-miR-517b-3p	0	2	2	15	12	3	7
hsa-miR-371a-5p	0	2	2	0	3	4	0
hsa-miR-892a	0	2	7	20	11	9	23
hsa-miR-4684-3p	0	2	1	3	7	0	0
hsa-miR-448	0	2	0	0	51	3	21
hsa-miR-6780a-5p	0	2	3	8	4	11	18
hsa-miR-5708	0	2	0	5	0	0	0
hsa-miR-4665-5p	0	2	0	28	5	5	31
hsa-miR-4762-3p	0	2	2	0	0	0	0
hsa-miR-4638-5p	0	2	2	4	0	0	0
hsa-miR-376b-3p	0	2	0	2	7	1	0
hsa-miR-551b-5p	0	2	5	6	5	0	18
hsa-miR-134-3p	0	2	13	4	21	4	0
hsa-miR-6720-3p	0	2	0	0	0	0	0
hsa-miR-2277-3p	0	2	4	4	0	1	14
hsa-miR-449a	0	2	5	6.5	16	0	0
hsa-miR-6815-3p	0	2	4	4	0	0	0
hsa-miR-548b-5p	0	2	23	14	23	27	8
hsa-miR-3941	0	2	0	0	0	0	3
hsa-miR-548ab	0	2	5.5	3	1	2	3
hsa-miR-6770-3p	0	2	3	6	0	8	2
hsa-miR-659-5p	0	2	12	6	11	8	13
hsa-miR-216b-3p	0	2	11	18	24	16	24
hsa-miR-6841-5p	0	2	3	42	18	10	13
hsa-let-7f-1	0	1.5	0	0.5	2	1.5	1.5
hsa-miR-4791	0	1	5	12	0	4	1
hsa-miR-890	0	1	2	0	1	2	3
hsa-miR-6826-5p	0	1	2	3	0	8	6
hsa-miR-4536-3p	0	1	0	0	6	2	0
hsa-miR-6738-3p	0	1	0	11	3	0	0
hsa-miR-6894-3p	0	1	3	2	0	2	9
hsa-miR-767-3p	0	1	1	0	0	10	8
hsa-miR-6881-3p	0	1	1	3	7	0	3
hsa-miR-1283	0	1	0	0	18	3	8
hsa-miR-4773	0	1	5	6	29	5	15
hsa-miR-6862-3p	0	1	0	0	0	4	0
hsa-miR-5588-5p	0	1	1	18	7	3	9
hsa-miR-3128	0	1	0	2	0	3	0
hsa-miR-1288-3p	0	1	3	7	0	3	10
hsa-miR-4491	0	1	4	4	0	2	0
hsa-miR-129-1-3p	0	1	6	17	27	10	16
hsa-miR-3115	0	1	1	0	0	0	3
hsa-miR-4635	0	1	0	0	0	0	6
hsa-miR-153-5p	0	1	3	8	7	1	0
hsa-miR-3117-3p	0	1	0	9	0	9	3
hsa-miR-500b-3p	0	1	2	16	9	8	9
hsa-miR-152-5p	0	1	10	0	5	1	0
hsa-miR-3152-3p	0	1	2	13	5	0	19
hsa-miR-1227-3p	0	1	0	16	14	2	6
hsa-miR-5189-5p	0	1	1	0	0	0	0
hsa-miR-6788-5p	0	1	1	10	4	0	9
hsa-miR-3660	0	1	11	20	1	15	0
hsa-miR-6744-5p	0	1	0	0	0	0	0
hsa-miR-513a-5p	0	1	0	9	0	0	2
hsa-miR-5091	0	1	1	0	0	0	0
hsa-miR-499b-3p	0	1	2	0	3	0	0
hsa-miR-6892-5p	0	1	4	0	6	1	3
hsa-miR-4723-3p	0	1	0	1	0	1	0
hsa-miR-892b	0	1	5	0	0	0	0
hsa-miR-6777-3p	0	1	0	0	1	0	4
hsa-miR-7152-3p	0	1	0	0	0	0	0
hsa-miR-506-5p	0	1	0	0	2	4	9
hsa-miR-5587-3p	0	1	0	0	0	0	0
hsa-miR-6743-3p	0	1	0	0	0	0	3
hsa-miR-4701-3p	0	1	0	0	0	2	0
hsa-miR-2116-5p	0	1	0	0	0	0	0
hsa-miR-3154	0	1	2	6	0	2	10
hsa-miR-6782-5p	0	1	0	0	0	0	0
hsa-miR-548a-5p	0	1	0	0	0	0	0
hsa-miR-4779	0	1	0	0	19	0	1
hsa-miR-6501-3p	0	1	0	6	0	2	6
hsa-miR-1285-3p	0	1	12	33	28	0	15
hsa-miR-3190-3p	0	1	4	2	3	0	0
hsa-miR-3139	0	1	0	4	0	1	6
hsa-miR-3200-5p	0	1	4	1	0	2	8
hsa-miR-6855-3p	0	1	0	4	0	2	0
hsa-miR-4521	0	1	18	0	14	4	14
hsa-miR-4786-5p	0	1	0	1	0	0	0
hsa-miR-7973	0	1	16	9	18	0	0
hsa-miR-6740-5p	0	1	0	0	11	2	0
hsa-miR-6888-3p	0	1	3	0	0	0	0
hsa-miR-3188	0	1	8	5	0	7	14
hsa-miR-147b	0	1	4	7	0	18	0
hsa-miR-5187-3p	0	1	0	0	0	0	0
hsa-miR-509-3-5p	0	1	4	15	15	0	23
hsa-miR-933	0	1	0	0	0	0	0
hsa-miR-552-5p	0	1	0	6	3	1	11
hsa-miR-4661-3p	0	1	0	6	0	0	0
hsa-miR-6862-5p	0	1	2	0	0	0	0
hsa-miR-1180-5p	0	1	0	2	0	2	0
hsa-miR-4800-5p	0	1	4	11	13	0	15
hsa-miR-4709-5p	0	1	3	0	7	7	2
hsa-miR-3914	0	1	3	0	5	4	8
hsa-miR-149-3p	0	1	0	0	0	0	5
hsa-miR-7155-3p	0	1	2	4	0	0	5
hsa-miR-935	0	1	10	16	7	4	13
hsa-miR-548au-5p	0	1	0	7	0	0	7
hsa-miR-33a-5p	0	1	21	15	31	4	9
hsa-let-7f-2-3p	0	1	21	11	15	7	6.5
hsa-miR-3936	0	1	0	4	0	0	12
hsa-miR-889-5p	0	1	4	16	11	10	15
hsa-miR-939-5p	0	1	0	0	0	4	6
hsa-miR-6758-3p	0	1	3	21	0	7	7
hsa-miR-4421	0	1	0	5	0	0	0
hsa-miR-3157-3p	0	1	0	3	0	1	2
hsa-miR-203b-3p	0	1	0	0	7	1	0
hsa-miR-660-3p	0	1	8	11	26	1	6
hsa-miR-541-5p	0	1	20	14	20	9	46
hsa-miR-186-3p	0	1	4	7	10	0	0
hsa-miR-4689	0	1	0	4	0	0	0
hsa-miR-6769b-3p	0	1	1	2	0	0	0
hsa-miR-200a-5p	0	1	5	12	47	10	7
hsa-miR-4735-5p	0	1	2	0	0	0	0
hsa-miR-548ai|hsa-miR-570-5p	0	1	6	2	0	0	0
hsa-miR-1260a	0	1	0	1	1	0	0
hsa-miR-6820-5p	0	1	0	2	0	0	6
hsa-miR-552-3p	0	1	0	0	1	1	5
hsa-miR-4711-5p	0	1	2	0	6	0	0
hsa-miR-6505-3p	0	1	8	2	9	2	3
hsa-miR-1269b	0	1	15	0	0	4	0
hsa-miR-4458	0	1	0	0	0	0	19
hsa-miR-513b-5p	0	1	0	0	8	0	3.5
hsa-miR-2682-3p	0	1	1	0	0	4	1
hsa-miR-548aw	0	1	4	5	15	1	0
hsa-miR-6750-3p	0	1	1	6	0	4	5
hsa-miR-194-3p	0	1	1	12	8	1	11
hsa-mir-218-1	0	0.5	0	0	0	0	0
hsa-mir-26a-2	0	0.5	2	2.5	0	3.5	0
hsa-mir-16-1	0	0.5	0	0	0	0	0
hsa-mir-103a-1	0	0.5	2.5	7	0	0	0
hsa-mir-320c-1	0	0.4	1	0.5	0	0	1.83333333333333
hsa-miR-106a-3p	0	0	23	4	6	5	9
hsa-miR-3690	0	0	19	8	0	6	1
hsa-miR-5690	0	0	14	4	6	0	1
hsa-miR-548v	0	0	13	14	10	6	0
hsa-miR-146a-3p	0	0	12	25	19	0	0
hsa-miR-6745	0	0	11	0	0	0	0
hsa-miR-3607-3p	0	0	11	2	16	2	22
hsa-miR-3659	0	0	11	0	0	15	0
hsa-miR-6853-3p	0	0	11	10	3	13	12
hsa-miR-548al	0	0	9	0	1	0	0
hsa-miR-502-5p	0	0	9	2	7	0	9
hsa-miR-2115-3p	0	0	9	0	0	0	0
hsa-miR-4772-5p	0	0	9	2	0	0	0
hsa-miR-1245b-3p	0	0	9	0	0	0	5
hsa-miR-3158-5p	0	0	8	0	0	5	0
hsa-miR-6733-3p	0	0	8	5	6	2	5
hsa-miR-3124-5p	0	0	8	0	6	6	5
hsa-miR-3667-5p	0	0	8	0	0	0	10
hsa-miR-2115-5p	0	0	7	4	0	0	0
hsa-miR-6864-5p	0	0	7	4	0	2	6
hsa-miR-5699-5p	0	0	7	0	11	3	12
hsa-miR-874-5p	0	0	7	7	12	8	23
hsa-miR-376a-2-5p	0	0	7	0	0	0	11
hsa-miR-6818-3p	0	0	7	0	0	2	0
hsa-miR-19b-1-5p	0	0	6	0	5	0	0
hsa-miR-570-3p	0	0	6	0	0	0	2
hsa-miR-6809-5p	0	0	6	0	29	18	4
hsa-miR-1237-3p	0	0	6	4	1	5	4
hsa-miR-4658	0	0	6	6	0	0	0
hsa-miR-3917	0	0	6	6	4	1	0
hsa-miR-4762-5p	0	0	5	0	0	2	0
hsa-miR-219a-2-3p	0	0	5	8	0	19	0
hsa-miR-4530	0	0	5	0	0	2	0
hsa-miR-3664-3p	0	0	5	13	1	17	22
hsa-miR-5683	0	0	5	0	0	0	0
hsa-miR-4525	0	0	5	6	0	0	11
hsa-miR-5588-3p	0	0	5	5	0	0	0
hsa-miR-6125	0	0	5	0	0	0	0
hsa-miR-1245b-5p	0	0	5	0	5	1	0
hsa-miR-4796-5p	0	0	5	1	0	3	0
hsa-miR-7850-5p	0	0	5	3	0	0	2
hsa-miR-3194-3p	0	0	5	4	0	0	0
hsa-miR-4714-3p	0	0	4	0	0	0	0
hsa-miR-192-3p	0	0	4	0	0	0	0
hsa-miR-579-3p	0	0	4	0	3	2	0
hsa-miR-4485-3p	0	0	4	13	0	4	9
hsa-miR-3064-3p	0	0	4	0	0	0	0
hsa-miR-6735-3p	0	0	4	0	0	0	0
hsa-miR-518c-3p	0	0	4	0	0	0	0
hsa-miR-6876-5p	0	0	4	9	13	8	7
hsa-miR-6764-5p	0	0	4	8	8	0	0
hsa-miR-6741-5p	0	0	4	0	0	0	0
hsa-miR-4671-5p	0	0	4	0	0	0	0
hsa-miR-6731-5p	0	0	4	0	0	0	0
hsa-miR-4699-3p	0	0	4	9	24	7	11
hsa-miR-4703-3p	0	0	4	0	0	0	0
hsa-miR-1909-3p	0	0	4	0	0	0	0
hsa-miR-655-5p	0	0	4	4	9	8	7
hsa-miR-3121-3p	0	0	4	0	0	0	3
hsa-miR-7113-5p	0	0	4	8	11	7	0
hsa-miR-15a-3p	0	0	4	10	0	0	0
hsa-miR-6735-5p	0	0	4	0	0	0	0
hsa-miR-4668-5p	0	0	4	2	5	0	4
hsa-miR-1224-3p	0	0	4	7	0	8	2
hsa-miR-548b-3p	0	0	4	0	0	0	0
hsa-miR-4685-3p	0	0	4	2	0	2	14
hsa-miR-3124-3p	0	0	4	0	0	0	0
hsa-miR-3691-5p	0	0	3	19	0	2	14
hsa-miR-4433a-5p	0	0	3	1	0	0	5
hsa-miR-6746-5p	0	0	3	0	0	0	0
hsa-miR-197-5p	0	0	3	6	6	0	0
hsa-miR-4690-3p	0	0	3	0	0	0	0
hsa-miR-1244	0	0	3	0	0	0	0
hsa-miR-3199	0	0	3	0	7	0	0
hsa-miR-548az-5p	0	0	3	3	0	1	3
hsa-miR-6770-5p	0	0	3	3	0	0	0
hsa-miR-6794-3p	0	0	3	2	0	0	0
hsa-miR-550a-3p	0	0	3	7	10	4	10
hsa-miR-548h-5p	0	0	3	4	0	0	0
hsa-miR-7853-5p	0	0	3	0	0	0	0
hsa-miR-4753-3p	0	0	3	1	0	0	3
hsa-miR-3126-3p	0	0	3	0	0	0	7
hsa-miR-548ag	0	0	3	3	26	2	0
hsa-miR-6787-5p	0	0	3	6	0	0	0
hsa-miR-376b-5p	0	0	3	0	0	1	11.5
hsa-miR-7158-3p	0	0	3	0	0	0	0
hsa-miR-4799-5p	0	0	3	0	0	0	0
hsa-miR-6739-3p	0	0	3	0	0	0	0
hsa-miR-96-3p	0	0	3	0	0	2	3
hsa-miR-376c-5p	0	0	3	0	0	1	11.5
hsa-miR-6804-5p	0	0	3	6	0	2	1
hsa-miR-4453	0	0	3	0	0	0	0
hsa-miR-4654	0	0	3	10	0	2	3
hsa-miR-105-3p	0	0	3	0	0	0	12
hsa-miR-1229-3p	0	0	3	5	8	3	39
hsa-miR-3127-5p	0	0	3	13	9	4	2
hsa-miR-6837-5p	0	0	3	0	4	0	0
hsa-miR-3144-3p	0	0	3	2	0	0	3
hsa-miR-3611	0	0	3	6	0	0	4
hsa-miR-4999-5p	0	0	3	13	0	0	0
hsa-miR-603	0	0	3	0	0	3	0
hsa-mir-374b	0	0	3	0	0	0	0
hsa-miR-6727-3p	0	0	3	0	0	0	0
hsa-miR-632	0	0	3	0	0	0	0
hsa-miR-6515-3p	0	0	3	1	0	1	0
hsa-miR-891b	0	0	3	2	3	3	8
hsa-miR-6799-3p	0	0	2	0	0	0	0
hsa-miR-4751	0	0	2	0	0	0	0
hsa-miR-4644	0	0	2	2	0	2	0
hsa-miR-5006-3p	0	0	2	0	0	4	0
hsa-mir-23a	0	0	2	7.5	3.5	1	9.5
hsa-miR-1278	0	0	2	4	0	2	4
hsa-miR-5187-5p	0	0	2	11	17	11	41
hsa-miR-5584-5p	0	0	2	0	11	10	5
hsa-miR-6852-5p	0	0	2	1	0	2	3
hsa-miR-548am-3p	0	0	2	0	0	0	0
hsa-miR-548o-3p	0	0	2	4	0	0	2
hsa-miR-7112-3p	0	0	2	0	0	0	0
hsa-miR-3943	0	0	2	0	0	0	0
hsa-miR-6776-3p	0	0	2	0	0	0	0
hsa-miR-5696	0	0	2	8	2	2	9
hsa-miR-6842-5p	0	0	2	0	0	0	2
hsa-miR-215-3p	0	0	2	1	0	2	0
hsa-miR-6767-5p	0	0	2	0	0	1	0
hsa-miR-6502-5p	0	0	2	22	0	2	0
hsa-miR-7151-5p	0	0	2	0	5	0	2
hsa-miR-2681-3p	0	0	2	8	0	3	0
hsa-miR-551b-3p	0	0	2	3	1	0	5
hsa-miR-34b-5p	0	0	2	0	4	6	0
hsa-miR-1910-3p	0	0	2	12	3	4	6
hsa-miR-5703	0	0	2	0	0	0	0
hsa-miR-4688	0	0	2	0	0	0	0
hsa-miR-6726-3p	0	0	2	0	3	6	9
hsa-miR-6832-5p	0	0	2	0	7	6	0
hsa-miR-3187-3p	0	0	2	3	0	1	5
hsa-miR-6782-3p	0	0	2	0	0	0	1
hsa-miR-5699-3p	0	0	2	0	0	0	0
hsa-miR-3938	0	0	2	7	0	0	5
hsa-miR-4755-3p	0	0	2	0	0	0	0
hsa-miR-548i	0	0	2	4	7	2	0
hsa-miR-3928-5p	0	0	2	0	0	2	0
hsa-miR-6757-3p	0	0	2	0	0	0	0
hsa-miR-3609	0	0	2	0	4	4	0
hsa-miR-1251-5p	0	0	2	0	0	0	0
hsa-miR-1225-5p	0	0	2	2	0	0	6
hsa-miR-633	0	0	2	0	0	0	0
hsa-miR-598-5p	0	0	2	4	3	0	2
hsa-miR-4640-5p	0	0	2	0	0	0	0
hsa-miR-4649-5p	0	0	2	0	0	0	0
hsa-miR-6880-3p	0	0	2	0	0	0	0
hsa-miR-4474-3p	0	0	2	0	0	0	0
hsa-miR-1343-5p	0	0	2	0	0	0	0
hsa-miR-4699-5p	0	0	2	3	0	0	8
hsa-miR-4781-5p	0	0	2	4	0	0	0
hsa-miR-3116	0	0	2	0	0	0	0
hsa-miR-4804-3p	0	0	2	23	7	0	0
hsa-miR-1305	0	0	2	1	0	0	0
hsa-miR-6751-5p	0	0	2	1	0	0	0
hsa-mir-320c-2	0	0	2	0.5	0	1.8	1.83333333333333
hsa-miR-6877-5p	0	0	2	2	0	0	13
hsa-miR-4696	0	0	2	0	0	0	0
hsa-miR-605-5p	0	0	2	2	14	0	0
hsa-miR-211-5p	0	0	2	15	7	10.5	4
hsa-miR-4750-5p	0	0	2	3	0	1	0
hsa-miR-548ah-3p|hsa-miR-548av-3p	0	0	1.5	0	0	7	6
hsa-miR-3144-5p	0	0	1	0	0	0	7
hsa-miR-4498	0	0	1	1	0	1	0
hsa-miR-1915-3p	0	0	1	4	0	1	0
hsa-miR-3176	0	0	1	0	2	4	2
hsa-miR-4524a-5p	0	0	1	0	0	0	0
hsa-miR-6841-3p	0	0	1	1	0	0	0
hsa-miR-302b-3p	0	0	1	0	0	0	0
hsa-miR-4645-3p	0	0	1	0	0	0	0
hsa-miR-1277-5p	0	0	1	4	0	0	0
hsa-miR-7844-5p	0	0	1	2	0	0	0
hsa-miR-3179	0	0	1	5	5	9	3
hsa-miR-4768-5p	0	0	1	0	0	0	1
hsa-miR-4743-3p	0	0	1	0	0	2	2
hsa-miR-656-5p	0	0	1	10	0	3	7
hsa-miR-6879-3p	0	0	1	0	7	0	0
hsa-miR-5004-3p	0	0	1	6	0	0	3
hsa-miR-2681-5p	0	0	1	0	0	0	1
hsa-miR-6829-5p	0	0	1	0	0	0	0
hsa-miR-4743-5p	0	0	1	0	2	1	9
hsa-miR-1236-3p	0	0	1	0	0	1	0
hsa-miR-4639-5p	0	0	1	0	0	1	0
hsa-miR-6831-3p	0	0	1	0	0	0	0
hsa-miR-510-5p	0	0	1	1	0	0	0
hsa-miR-4504	0	0	1	0	5	0	0
hsa-miR-1538	0	0	1	1	0	4	0
hsa-miR-6834-5p	0	0	1	0	18	0	0
hsa-miR-6751-3p	0	0	1	0	0	0	0
hsa-miR-31-3p	0	0	1	0	0	0	0
hsa-miR-6750-5p	0	0	1	0	0	0	0
hsa-miR-1292-3p	0	0	1	0	0	0	0
hsa-miR-449c-5p	0	0	1	4	0	0	0
hsa-miR-3607-5p	0	0	1	0	0	0	0
hsa-miR-4640-3p	0	0	1	13	1	2	1
hsa-miR-4668-3p	0	0	1	0	0	0	0
hsa-miR-1286	0	0	1	0	0	0	0
hsa-miR-4470	0	0	1	16	6	0	0
hsa-miR-6727-5p	0	0	1	0	0	0	0
hsa-miR-4727-3p	0	0	1	10	0	9	21
hsa-miR-581	0	0	1	3	1	0	0
hsa-miR-3170	0	0	1	0	0	0	0
hsa-miR-1277-3p	0	0	1	6	0	0	0
hsa-miR-6514-3p	0	0	1	4	0	5	0
hsa-miR-4695-5p	0	0	1	2	0	0	0
hsa-miR-7974	0	0	1	0	0	0	0
hsa-miR-6504-5p	0	0	1	0	0	0	5
hsa-miR-3929	0	0	1	0	0	5	0
hsa-miR-6795-3p	0	0	1	3	0	0	0
hsa-miR-6729-3p	0	0	1	0	0	0	0
hsa-miR-6772-3p	0	0	1	10	0	4	10
hsa-miR-4424	0	0	1	4	0	3	0
hsa-miR-2114-5p	0	0	1	1	0	0	0
hsa-miR-1914-3p	0	0	1	0	0	0	0
hsa-miR-652-5p	0	0	1	0	0	0	0
hsa-miR-6769a-3p	0	0	1	0	0	0	0
hsa-miR-6869-5p	0	0	1	0	0	0	0
hsa-miR-4446-3p	0	0	1	0	0	0	0
hsa-miR-3187-5p	0	0	1	0	0	0	0
hsa-miR-7843-3p	0	0	1	0	0	4	0
hsa-miR-4757-5p	0	0	1	0	0	0	0
hsa-miR-548aj-3p	0	0	1	0	0	0	0
hsa-miR-1253	0	0	1	0	0	0	0
hsa-miR-6783-5p	0	0	1	0	0	0	0
hsa-miR-1236-5p	0	0	1	0	1	1	7
hsa-miR-548ax	0	0	1	13	15	2	1
hsa-miR-642b-3p	0	0	1	0	0	0	5
hsa-miR-4461	0	0	1	0	0	0	0
hsa-miR-3194-5p	0	0	1	0	0	0	0
hsa-miR-1909-5p	0	0	1	0	0	0	0
hsa-miR-135a-3p	0	0	1	1	11	1	12
hsa-miR-1193	0	0	1	0	0	0	8
hsa-miR-4717-3p	0	0	1	0	4	5	2
hsa-miR-371a-3p	0	0	1	3	0	0	0
hsa-miR-580-5p	0	0	1	0	0	0	0
hsa-miR-4436b-3p	0	0	1	2	5	0	0
hsa-miR-6848-5p	0	0	1	0	0	0	0
hsa-miR-412-3p	0	0	1	8	0	3	14
hsa-let-7f-2	0	0	1	1.5	0	0.5	0
hsa-miR-6854-5p	0	0	1	0	0	0	0
hsa-miR-551a	0	0	1	0	0	0	0
hsa-miR-512-3p	0	0	1	0	0	0	0
hsa-miR-3616-3p	0	0	1	0	0	0	0
hsa-miR-381-5p	0	0	1	3	12	0	0
hsa-miR-1226-5p	0	0	1	1	5	0	0
hsa-miR-6867-5p	0	0	1	0	0	2	3
hsa-miR-6822-3p	0	0	1	0	0	0	0
hsa-miR-4520-2-3p	0	0	0.5	0	0	0	0
hsa-miR-548ah-3p	0	0	0.5	2	0	0	0
hsa-miR-4520-3p	0	0	0.5	0	0	0	0
hsa-miR-550b-2-5p	0	0	0.5	0	0	0	0
hsa-miR-544b	0	0	0	19	0	0	0
hsa-miR-4687-3p	0	0	0	15	0	0	0
hsa-miR-6809-3p	0	0	0	13	0	2	0
hsa-miR-196a-3p	0	0	0	13	18	0	0
hsa-miR-4746-5p	0	0	0	12	0	0	6
hsa-miR-6734-3p	0	0	0	12	15	0	7
hsa-miR-877-3p	0	0	0	11	2	3	5
hsa-miR-7156-3p	0	0	0	11	0	0	2
hsa-miR-4747-5p	0	0	0	11	0	0	0
hsa-miR-516b-5p	0	0	0	10	0	1	3
hsa-miR-6733-5p	0	0	0	10	2	0	0
hsa-miR-4433b-5p	0	0	0	9	0	3	5
hsa-miR-6854-3p	0	0	0	9	0	0	0
hsa-miR-1267	0	0	0	9	0	4	0
hsa-miR-6826-3p	0	0	0	8	0	2	3
hsa-miR-6858-5p	0	0	0	7	0	0	0
hsa-miR-6784-3p	0	0	0	7	0	0	0
hsa-miR-6819-3p	0	0	0	7	0	0	0
hsa-miR-301b-3p	0	0	0	7	0	1	8
hsa-miR-3916	0	0	0	7	0	0	4
hsa-miR-6501-5p	0	0	0	7	0	0	0
hsa-miR-6726-5p	0	0	0	7	0	0	0
hsa-miR-373-3p	0	0	0	7	0	0	0
hsa-miR-6810-5p	0	0	0	6	0	2	0
hsa-miR-3529-5p	0	0	0	6	6	0	0
hsa-miR-6865-3p	0	0	0	6	0	0	0
hsa-miR-4639-3p	0	0	0	6	0	1	0
hsa-miR-92a-2-5p	0	0	0	6	31	7	18
hsa-miR-6762-3p	0	0	0	6	0	0	0
hsa-miR-4435	0	0	0	6	0	0	0
hsa-miR-6509-5p	0	0	0	6	7	2	3
hsa-miR-6796-5p	0	0	0	6	0	0	0
hsa-miR-4637	0	0	0	6	0	0	0
hsa-miR-6811-5p	0	0	0	5	0	0	0
hsa-miR-3177-5p	0	0	0	5	0	0	0
hsa-miR-6787-3p	0	0	0	5	0	0	12
hsa-miR-3678-5p	0	0	0	5	0	0	0
hsa-miR-205-5p	0	0	0	5	1	8	1
hsa-miR-4457	0	0	0	5	0	0	0
hsa-miR-4726-5p	0	0	0	5	0	0	0
hsa-miR-3675-5p	0	0	0	5	0	0	0
hsa-mir-218-2	0	0	0	5	0	0.5	2
hsa-miR-4723-5p	0	0	0	5	3	0	2
hsa-miR-504-3p	0	0	0	5	0	4	1
hsa-miR-5579-3p	0	0	0	4	14	0	0
hsa-miR-128-2-5p	0	0	0	4	0	0	0
hsa-miR-3681-5p	0	0	0	4	0	0	0
hsa-miR-4761-3p	0	0	0	4	0	0	0
hsa-miR-942-3p	0	0	0	4	0	3	0
hsa-miR-6807-5p	0	0	0	4	10	1	0
hsa-miR-4669	0	0	0	4	0	0	0
hsa-miR-6818-5p	0	0	0	4	5	0	5
hsa-miR-4501	0	0	0	4	0	0	3
hsa-miR-5000-5p	0	0	0	3	0	0	0
hsa-miR-4641	0	0	0	3	0	0	0
hsa-miR-155-3p	0	0	0	3	0	0	0
hsa-miR-6757-5p	0	0	0	3	13	6	6
hsa-miR-4783-3p	0	0	0	3	0	0	0
hsa-miR-6515-5p	0	0	0	3	7	0	14
hsa-miR-627-5p	0	0	0	3	7	3	4
hsa-miR-6754-3p	0	0	0	3	0	0	0
hsa-miR-6774-5p	0	0	0	3	0	0	0
hsa-miR-4670-3p	0	0	0	3	0	0	0
hsa-miR-6885-3p	0	0	0	3	0	0	0
hsa-miR-6847-5p	0	0	0	3	6	7	11
hsa-miR-6874-5p	0	0	0	3	0	0	0
hsa-miR-6851-5p	0	0	0	3	0	0	0
hsa-miR-509-5p	0	0	0	3	0	0	9
hsa-miR-7855-5p	0	0	0	3	0	0	0
hsa-miR-6771-5p	0	0	0	3	0	0	0
hsa-miR-3148	0	0	0	3	2	0	0
hsa-miR-3620-5p	0	0	0	3	0	2	6
hsa-miR-6511a-5p	0	0	0	3	0	0	0
hsa-miR-1301-5p	0	0	0	3	0	0	0
hsa-miR-6861-3p	0	0	0	3	0	0	0
hsa-miR-4768-3p	0	0	0	3	0	0	0
hsa-miR-4755-5p	0	0	0	2	2	0	0
hsa-miR-659-3p	0	0	0	2	1	0	0
hsa-miR-4638-3p	0	0	0	2	7	0	2
hsa-miR-500a-5p|hsa-miR-500b-5p	0	0	0	2	1	0	0
hsa-miR-372-3p	0	0	0	2	0	0	0
hsa-miR-6758-5p	0	0	0	2	0	0	0
hsa-miR-6509-3p	0	0	0	2	0	0	0
hsa-miR-6780b-5p	0	0	0	2	0	0	0
hsa-miR-5591-5p	0	0	0	2	0	0	0
hsa-miR-542-5p	0	0	0	2	0	0	12
hsa-miR-6793-3p	0	0	0	2	0	5	2
hsa-miR-4720-5p	0	0	0	2	0	4	0
hsa-miR-6128	0	0	0	2	0	0	0
hsa-miR-373-5p	0	0	0	2	0	1	0
hsa-miR-6789-5p	0	0	0	2	0	0	0
hsa-miR-3680-5p	0	0	0	2	2	0	0
hsa-miR-4766-3p	0	0	0	2	0	5	0
hsa-miR-4646-3p	0	0	0	2	0	1	0
hsa-miR-4667-5p	0	0	0	2	12	0	13
hsa-miR-5581-3p	0	0	0	2	3	2	4
hsa-miR-6736-5p	0	0	0	2	0	0	0
hsa-miR-6802-3p	0	0	0	2	0	0	0
hsa-miR-6717-5p	0	0	0	2	0	0	0
hsa-miR-1302	0	0	0	2	0	0	7
hsa-miR-6828-5p	0	0	0	2	0	0	0
hsa-miR-3680-3p	0	0	0	2	0	0	0
hsa-miR-4746-3p	0	0	0	2	0	0	0
hsa-miR-7152-5p	0	0	0	2	2	0	0
hsa-miR-5591-3p	0	0	0	2	0	0	0
hsa-miR-6766-3p	0	0	0	1	12	0	0
hsa-miR-4676-5p	0	0	0	1	0	1	0
hsa-miR-8485	0	0	0	1	0	0	0
hsa-miR-4725-5p	0	0	0	1	5	0	0
hsa-miR-1293	0	0	0	1	3	0	0
hsa-miR-4733-5p	0	0	0	1	0	2	0
hsa-miR-4484	0	0	0	1	0	0	0
hsa-miR-5680	0	0	0	1	0	0	0
hsa-miR-4289	0	0	0	1	0	1	0
hsa-mir-23c	0	0	0	1	0	0	0
hsa-miR-6796-3p	0	0	0	1	0	0	0
hsa-miR-4697-3p	0	0	0	1	0	0	0
hsa-miR-6761-3p	0	0	0	1	5	0	4
hsa-miR-548ah-5p	0	0	0	1	0	1	0
hsa-miR-6755-5p	0	0	0	1	7	5	5
hsa-miR-5088-3p	0	0	0	1	0	0	0
hsa-miR-495-5p	0	0	0	1	13	0	6
hsa-miR-512-5p	0	0	0	1	0	0	0
hsa-miR-4660	0	0	0	1	0	3	4
hsa-miR-3937	0	0	0	1	0	3	0
hsa-miR-6813-3p	0	0	0	1	3	0	0
hsa-miR-6846-3p	0	0	0	1	0	3	0
hsa-miR-3151-5p	0	0	0	1	0	0	0
hsa-miR-1298-3p	0	0	0	1	8	0	0
hsa-miR-4489	0	0	0	1	0	0	0
hsa-miR-6873-3p	0	0	0	1	4	0	0
hsa-miR-3944-5p	0	0	0	1	1	0	0
hsa-miR-202-3p	0	0	0	1	9	2	0
hsa-miR-4729	0	0	0	1	0	0	0
hsa-miR-6763-5p	0	0	0	1	0	0	0
hsa-miR-6506-5p	0	0	0	1	0	0	6
hsa-mir-182	0	0	0	0.5	0	0	0
hsa-miR-548ak	0	0	0	0.5	0	0	1
hsa-miR-4318	0	0	0	0.5	0	0	0
hsa-mir-548w	0	0	0	0.5	0	0	1
hsa-miR-449b-5p	0	0	0	0.5	0	0	0
hsa-mir-30b	0	0	0	0.5	0	0	0
hsa-miR-4740-5p	0	0	0	0	17	0	0
hsa-miR-548ao-3p	0	0	0	0	14	0	0
hsa-miR-3125	0	0	0	0	11	13	0
hsa-miR-1914-5p	0	0	0	0	10	0	0
hsa-miR-548ac	0	0	0	0	10	0	3
hsa-miR-1249-5p	0	0	0	0	9	0	14
hsa-miR-5579-5p	0	0	0	0	9	0	0
hsa-miR-4667-3p	0	0	0	0	8	0	0
hsa-miR-198	0	0	0	0	8	0	0
hsa-miR-1-5p	0	0	0	0	7	0	0
hsa-miR-6806-3p	0	0	0	0	6	0	0
hsa-miR-5706	0	0	0	0	5	0	0
hsa-miR-4733-3p	0	0	0	0	5	0	0
hsa-miR-6838-3p	0	0	0	0	5	0	0
hsa-miR-3684	0	0	0	0	4	0	0
hsa-miR-4449	0	0	0	0	4	0	6
hsa-miR-550a-5p	0	0	0	0	4	0	1
hsa-miR-4754	0	0	0	0	4	0	0
hsa-miR-5011-3p	0	0	0	0	4	0	0
hsa-miR-520a-5p	0	0	0	0	4	0	0
hsa-miR-1228-5p	0	0	0	0	4	0	0
hsa-miR-4533	0	0	0	0	4	0	0
hsa-miR-548av-3p	0	0	0	0	3	0	0
hsa-miR-6878-5p	0	0	0	0	3	0	0
hsa-miR-4465	0	0	0	0	3	0	0
hsa-miR-4707-5p	0	0	0	0	3	0	2
hsa-miR-5582-3p	0	0	0	0	3	0	0
hsa-miR-2467-3p	0	0	0	0	3	0	0
hsa-miR-548t-5p	0	0	0	0	3	0	0
hsa-miR-6754-5p	0	0	0	0	2	0	0
hsa-miR-6731-3p	0	0	0	0	2	0	0
hsa-miR-4776-5p	0	0	0	0	2	0	0
hsa-miR-3201	0	0	0	0	2	0	0
hsa-mir-27b	0	0	0	0	1.5	0.5	1
hsa-miR-525-5p	0	0	0	0	1	0	0
hsa-miR-4323	0	0	0	0	1	0	0
hsa-miR-526b-5p	0	0	0	0	1	0	0
hsa-miR-3193	0	0	0	0	1	0	0
hsa-miR-6722-3p	0	0	0	0	1	0	11
hsa-miR-4767	0	0	0	0	1	0	0
hsa-miR-545-3p	0	0	0	0	1	0	0
hsa-miR-6832-3p	0	0	0	0	1	0	0
hsa-mir-502	0	0	0	0	0.5	0	0
hsa-miR-4482-5p	0	0	0	0	0	10	0
hsa-miR-6870-3p	0	0	0	0	0	9	4
hsa-miR-6817-3p	0	0	0	0	0	7	0
hsa-miR-4482-3p	0	0	0	0	0	6	0
hsa-miR-4785	0	0	0	0	0	6	0
hsa-miR-6508-5p	0	0	0	0	0	5	5
hsa-miR-3622b-5p	0	0	0	0	0	4	7
hsa-miR-345-3p	0	0	0	0	0	4	0
hsa-miR-1304-5p	0	0	0	0	0	4	0
hsa-miR-3198	0	0	0	0	0	4	1
hsa-miR-219b-5p	0	0	0	0	0	4	0
hsa-miR-892c-3p	0	0	0	0	0	4	0
hsa-miR-451b	0	0	0	0	0	4	0
hsa-miR-548x-3p	0	0	0	0	0	3	0
hsa-miR-1265	0	0	0	0	0	3	0
hsa-miR-519a-3p	0	0	0	0	0	3	2
hsa-miR-6789-3p	0	0	0	0	0	2	0
hsa-miR-3146	0	0	0	0	0	2	0
hsa-miR-4716-5p	0	0	0	0	0	2	0
hsa-miR-4684-5p	0	0	0	0	0	2	0
hsa-miR-6740-3p	0	0	0	0	0	2	5
hsa-miR-548e-5p	0	0	0	0	0	2	5
hsa-miR-1178-3p	0	0	0	0	0	2	6
hsa-miR-5003-3p	0	0	0	0	0	2	0
hsa-miR-4659b-3p	0	0	0	0	0	2	0
hsa-miR-6874-3p	0	0	0	0	0	2	0
hsa-miR-6814-5p	0	0	0	0	0	2	0
hsa-miR-6875-3p	0	0	0	0	0	2	0
hsa-miR-548j-5p	0	0	0	0	0	2	0
hsa-miR-4679	0	0	0	0	0	2	0
hsa-miR-521	0	0	0	0	0	1	3
hsa-miR-6730-3p	0	0	0	0	0	1	4
hsa-miR-6857-3p	0	0	0	0	0	1	0
hsa-miR-6838-5p	0	0	0	0	0	1	6
hsa-miR-6849-3p	0	0	0	0	0	1	0
hsa-miR-6881-5p	0	0	0	0	0	1	0
hsa-miR-3942-3p	0	0	0	0	0	1	0
hsa-miR-494-5p	0	0	0	0	0	1	12
hsa-miR-18b-3p	0	0	0	0	0	1	0
hsa-miR-5002-3p	0	0	0	0	0	1	0
hsa-miR-3614-3p	0	0	0	0	0	1	0
hsa-miR-6876-3p	0	0	0	0	0	1	9
hsa-miR-4764-5p	0	0	0	0	0	1	0
hsa-let-7g	0	0	0	0	0	0.5	0
hsa-mir-211	0	0	0	0	0	0.5	0
hsa-miR-6734-5p	0	0	0	0	0	0	26
hsa-miR-503-3p	0	0	0	0	0	0	16
hsa-miR-4749-3p	0	0	0	0	0	0	9
hsa-miR-432-3p	0	0	0	0	0	0	9
hsa-miR-4790-3p	0	0	0	0	0	0	9
hsa-miR-6739-5p	0	0	0	0	0	0	8
hsa-miR-302d-3p	0	0	0	0	0	0	7
hsa-miR-5691	0	0	0	0	0	0	7
hsa-miR-4440	0	0	0	0	0	0	7
hsa-miR-6778-3p	0	0	0	0	0	0	7
hsa-miR-4765	0	0	0	0	0	0	7
hsa-miR-3138	0	0	0	0	0	0	6
hsa-miR-6884-5p	0	0	0	0	0	0	6
hsa-miR-624-3p	0	0	0	0	0	0	6
hsa-miR-4479	0	0	0	0	0	0	6
hsa-miR-4466	0	0	0	0	0	0	6
hsa-miR-6728-3p	0	0	0	0	0	0	5
hsa-miR-3918	0	0	0	0	0	0	5
hsa-miR-7111-5p	0	0	0	0	0	0	5
hsa-miR-6855-5p	0	0	0	0	0	0	4
hsa-miR-3191-3p	0	0	0	0	0	0	4
hsa-miR-1287-3p	0	0	0	0	0	0	4
hsa-miR-6831-5p	0	0	0	0	0	0	4
hsa-miR-6873-5p	0	0	0	0	0	0	4
hsa-miR-6872-5p	0	0	0	0	0	0	4
hsa-miR-6825-5p	0	0	0	0	0	0	4
hsa-miR-1910-5p	0	0	0	0	0	0	4
hsa-miR-3610	0	0	0	0	0	0	4
hsa-miR-6741-3p	0	0	0	0	0	0	4
hsa-miR-5000-3p	0	0	0	0	0	0	4
hsa-miR-3667-3p	0	0	0	0	0	0	4
hsa-miR-4799-3p	0	0	0	0	0	0	3
hsa-miR-3664-5p	0	0	0	0	0	0	3
hsa-miR-5001-5p	0	0	0	0	0	0	3
hsa-miR-6865-5p	0	0	0	0	0	0	2
hsa-miR-4680-3p	0	0	0	0	0	0	2
hsa-miR-5697	0	0	0	0	0	0	2
hsa-mir-101-1	0	0	0	0	0	0	2
hsa-miR-6812-5p	0	0	0	0	0	0	2
hsa-miR-6785-3p	0	0	0	0	0	0	2
hsa-miR-4428	0	0	0	0	0	0	2
hsa-miR-4663	0	0	0	0	0	0	2
hsa-miR-328-5p	0	0	0	0	0	0	2
hsa-miR-4715-5p	0	0	0	0	0	0	2
hsa-miR-3183	0	0	0	0	0	0	2
hsa-miR-513c-5p	0	0	0	0	0	0	1.5
hsa-miR-3184-5p	0	0	0	0	0	0	1
hsa-miR-190a-3p	0	0	0	0	0	0	1
hsa-miR-6746-3p	0	0	0	0	0	0	1
hsa-miR-6886-3p	0	0	0	0	0	0	1
hsa-mir-30e	0	0	0	0	0	0	0.5
hsa-mir-29b-1	0	0	0	0	0	0	0.333333333333333
hsa-mir-29b-2	0	0	0	0	0	0	0.333333333333333
hsa-mir-320e	0	0	0	0	0	0	0.166666666666667
