	random_trimmed_F1_S1_R1_001.fastq	random_trimmed_F2_S2_R1_001.fastq	random_trimmed_F3_S3_R1_001.fastq	random_trimmed_F4_S4_R1_001.fastq	random_trimmed_M1_S5_R1_001.fastq	random_trimmed_M2_S6_R1_001.fastq	random_trimmed_M4_S7_R1_001.fastq
Gly	314709.421066614	9480.73272609344	372787.896526692	35561.6338807864	105636.115714806	105428.372626845	14041.0869346162
Glu	31532.8418347611	1296.13787540978	35032.6390533777	4509.47592655553	5567.81670014585	11503.6428094905	2773.5076782146
Lys	3563.26110770095	303.504985052402	3361.11084402205	576.258658819488	784.338490738471	647.295381383077	384.487284980996
Asp	1857.15619689413	223.930519178657	475.617290645096	490.019054734261	481.874160934529	419.764862207553	376.636195797232
Val	1439.84302713488	151.076785273527	1192.29791123738	357.43491285335	468.665621302134	526.265269164028	233.987699975917
His	354.752659873353	244.126784357745	438.386317964133	321.933848130651	274.423765776456	341.664178216077	204.560488824659
Gln	119.158646757187	197.00216560654	125.955007990683	183.610678806453	146.602329033133	169.16113444717	300.718324240476
Leu	75.896311764529	68.7381656972459	56.7408968035701	68.546424442741	70.9725363620349	49.9970685929257	83.4088190348433
SeC	74.7994349374726	14.5714281664909	97.1024017219716	53.4896457403611	33.5626188359694	46.102560092003	50.0596970891331
Ala	63.6108202415995	29.2246225887676	24.4683919075696	52.3800396304047	30.25714619043	16.643616408346	63.1028891600635
Cys	41.0329747521425	3.9452218416639	139.954991628697	20.8967477112419	26.4359931102869	32.9971977686948	10.8651802391041
Ser	37.6261531907355	35.2666946343602	27.5130459340759	60.7709057913068	38.2166537226849	43.4816611278686	81.2257054953381
Met	28.3826334835555	22.6765082712564	18.6154863404816	18.5719799558538	14.9335935997149	12.5255813948593	25.5700611030824
Asn	28.019529430461	47.1246187512047	15.5967588258089	64.6211163763618	31.0315012766957	35.2610904813265	42.9288913167242
Arg	26.8091825868126	27.5927044003764	40.8576383756741	20.153820519917	20.8057863372299	12.1966533120111	36.5903972968052
Thr	17.6771156514852	9.56665192693629	14.5178432511203	14.0028692895328	14.9740914806633	7.68376001533384	20.1463270155835
iMet	17.4834601565015	26.928353572117	10.8618288166834	24.1956509982169	23.8532518785955	23.8933359380929	27.2483214515382
Pro	10.2879481710116	9.21233148519791	15.6526611871917	7.73344275764257	5.26472452328932	6.42067617719677	11.8846762873481
Ile	8.48049688449662	11.8579241168445	8.99119604891054	14.9923333460662	15.7973949922161	7.14694938412558	16.6673581387416
Trp	6.05173421824212	1.77160220869191	4.36038418786056	4.27682819172658	1.7717822914916	2.31565370325129	2.37693525746963
Tyr	5.56759548078275	4.96048618433734	5.29209021090768	7.55768269496888	9.87135848116747	3.47348055487694	4.3217004681266
Und	4.35820922986738	0.385253178715541	3.29380262623899	0.654682984773975	0.413817632706654	0.978221676229172	0.289599663644568
Phe	2.48121102947927	2.58926476654971	2.93272388177604	4.93480175968451	5.77094803514406	3.47348055487694	5.49299210782142
tRNA	1.27086418583084	3.18888397564543	0.726730697976759	1.05456037604217	6.42903860055523	6.42067617719677	4.89792719721014
Sup	0	0.147633517390992	0.0372682409218851	0	0.00421852926545619	0.0350856621704741	0
